1 5 1 2 
255 255 255 139 0 0 20 155 
255 255 254 210 
1 5 1 2 
255 255 255 120 0 0 21 20 
255 255 254 212 
1 5 1 2 
255 255 255 125 0 0 21 67 
255 255 254 204 
1 5 1 2 
255 255 255 122 0 0 21 115 
255 255 254 197 
1 5 1 2 
255 255 255 117 0 0 21 166 
255 255 254 194 
1 5 1 2 
255 255 255 111 0 0 21 213 
255 255 254 184 
1 5 1 2 
255 255 255 103 0 0 22 20 
255 255 254 191 
1 5 1 2 
255 255 255 99 0 0 22 72 
255 255 254 197 
1 5 1 2 
255 255 255 90 0 0 22 103 
255 255 254 211 
1 5 1 2 
255 255 255 114 0 0 22 170 
255 255 254 140 
1 5 1 2 
255 255 255 81 0 0 22 217 
255 255 254 183 
1 5 1 2 
255 255 255 84 0 0 23 0 
255 255 254 171 
1 5 1 2 
255 255 255 82 0 0 23 62 
255 255 254 170 
1 5 1 2 
255 255 255 94 0 0 23 102 
255 255 254 145 
1 5 1 2 
255 255 255 90 0 0 23 154 
255 255 254 152 
1 5 1 2 
255 255 255 82 0 0 23 204 
255 255 254 154 
1 5 1 2 
255 255 255 79 0 0 24 8 
255 255 254 157 
1 5 1 2 
255 255 255 75 0 0 24 49 
255 255 254 154 
1 5 1 2 
255 255 255 79 0 0 24 108 
255 255 254 161 
1 5 1 2 
255 255 255 73 0 0 24 151 
255 255 254 173 
1 5 1 2 
255 255 255 71 0 0 24 210 
255 255 254 199 
1 5 1 2 
255 255 255 53 0 0 25 7 
255 255 254 184 
1 5 1 2 
255 255 255 53 0 0 25 7 
255 255 254 184 
1 5 1 2 
255 255 255 52 0 0 25 54 
255 255 254 230 
1 5 1 2 
255 255 255 47 0 0 25 101 
255 255 254 239 
1 5 1 2 
255 255 255 48 0 0 25 159 
255 255 255 3 
1 5 1 2 
255 255 255 38 0 0 25 209 
255 255 255 18 
1 5 1 2 
255 255 255 34 0 0 26 1 
255 255 255 38 
1 5 1 2 
255 255 255 39 0 0 26 51 
255 255 255 55 
1 5 1 2 
255 255 255 28 0 0 26 106 
255 255 255 55 
1 5 1 2 
255 255 255 46 0 0 26 171 
255 255 255 75 
1 5 1 2 
255 255 255 39 0 0 26 222 
255 255 255 86 
1 5 1 2 
255 255 255 24 0 0 27 14 
255 255 255 79 
1 5 1 2 
255 255 255 20 0 0 27 67 
255 255 255 91 
1 5 1 2 
255 255 255 21 0 0 27 131 
255 255 255 112 
1 5 1 2 
255 255 255 22 0 0 27 181 
255 255 255 127 
1 5 1 2 
255 255 255 16 0 0 27 234 
255 255 255 137 
1 5 1 2 
255 255 255 7 0 0 28 18 
255 255 255 156 
1 5 1 2 
255 255 255 6 0 0 28 80 
255 255 255 160 
1 5 1 2 
255 255 255 10 0 0 28 121 
255 255 255 162 
1 5 1 2 
255 255 255 10 0 0 28 172 
255 255 255 164 
1 5 1 2 
255 255 255 5 0 0 28 228 
255 255 255 168 
1 5 1 2 
255 255 255 4 0 0 29 17 
255 255 255 171 
1 5 1 2 
255 255 254 253 0 0 29 84 
255 255 255 180 
1 5 1 2 
255 255 254 253 0 0 29 84 
255 255 255 180 
1 5 1 2 
255 255 255 0 0 0 29 127 
255 255 255 190 
1 5 1 2 
255 255 254 255 0 0 29 183 
255 255 255 199 
1 5 1 2 
255 255 254 252 0 0 29 240 
255 255 255 209 
1 5 1 2 
255 255 254 245 0 0 30 34 
255 255 255 217 
1 5 1 2 
255 255 254 242 0 0 30 84 
255 255 255 228 
1 5 1 2 
255 255 254 240 0 0 30 164 
0 0 0 3 
1 5 1 2 
255 255 254 243 0 0 30 207 
0 0 0 12 
1 5 1 2 
255 255 254 240 0 0 31 2 
0 0 0 17 
1 5 1 2 
255 255 254 233 0 0 31 69 
0 0 0 35 
1 5 1 2 
255 255 254 232 0 0 31 113 
0 0 0 41 
1 5 1 2 
255 255 254 233 0 0 31 167 
0 0 0 50 
1 5 1 2 
255 255 254 235 0 0 31 218 
0 0 0 56 
1 5 1 2 
255 255 254 235 0 0 32 13 
0 0 0 65 
1 5 1 2 
255 255 254 231 0 0 32 63 
0 0 0 72 
1 5 1 2 
255 255 254 231 0 0 32 113 
0 0 0 73 
1 5 1 2 
255 255 254 228 0 0 32 170 
0 0 0 87 
1 5 1 2 
255 255 254 233 0 0 32 221 
0 0 0 95 
1 5 1 2 
255 255 254 229 0 0 33 19 
0 0 0 103 
1 5 1 2 
255 255 254 224 0 0 33 74 
0 0 0 118 
1 5 1 2 
255 255 254 223 0 0 33 126 
0 0 0 126 
1 5 1 2 
255 255 254 224 0 0 33 182 
0 0 0 134 
1 5 1 2 
255 255 254 224 0 0 33 182 
0 0 0 134 
1 5 1 2 
255 255 254 226 0 0 33 236 
0 0 0 143 
1 5 1 2 
255 255 254 225 0 0 34 32 
0 0 0 152 
1 5 1 2 
255 255 254 234 0 0 34 91 
0 0 0 171 
1 5 1 2 
255 255 254 224 0 0 34 141 
0 0 0 181 
1 5 1 2 
255 255 254 224 0 0 34 194 
0 0 0 193 
1 5 1 2 
255 255 254 231 0 0 34 245 
0 0 0 205 
1 5 1 2 
255 255 254 230 0 0 35 41 
0 0 0 215 
1 5 1 2 
255 255 254 230 0 0 35 92 
0 0 0 225 
1 5 1 2 
255 255 254 224 0 0 35 146 
0 0 0 232 
1 5 1 2 
255 255 254 229 0 0 35 200 
0 0 0 230 
1 5 1 2 
255 255 254 237 0 0 35 252 
0 0 0 236 
1 5 1 2 
255 255 254 238 0 0 36 48 
0 0 0 234 
1 5 1 2 
255 255 254 237 0 0 36 103 
0 0 0 231 
1 5 1 2 
255 255 254 237 0 0 36 157 
0 0 0 230 
1 5 1 2 
255 255 254 236 0 0 36 212 
0 0 0 235 
1 5 1 2 
255 255 254 241 0 0 37 9 
0 0 0 239 
1 5 1 2 
255 255 254 242 0 0 37 60 
0 0 0 236 
1 5 1 2 
255 255 254 226 0 0 37 114 
0 0 1 3 
1 5 1 2 
255 255 254 234 0 0 37 174 
0 0 1 2 
1 5 1 2 
255 255 254 238 0 0 37 229 
0 0 1 6 
1 5 1 2 
255 255 254 247 0 0 38 23 
0 0 1 9 
1 5 1 2 
255 255 254 249 0 0 38 84 
0 0 1 17 
1 5 1 2 
255 255 254 249 0 0 38 84 
0 0 1 17 
1 5 1 2 
255 255 254 249 0 0 38 135 
0 0 1 20 
1 5 1 2 
255 255 254 252 0 0 38 188 
0 0 1 26 
1 5 1 2 
255 255 254 254 0 0 38 241 
0 0 1 26 
1 5 1 2 
255 255 255 4 0 0 39 39 
0 0 1 31 
1 5 1 2 
255 255 255 7 0 0 39 90 
0 0 1 31 
1 5 1 2 
255 255 255 12 0 0 39 130 
0 0 1 49 
1 5 1 2 
255 255 254 250 0 0 39 177 
0 0 1 30 
1 5 1 2 
255 255 254 252 0 0 39 230 
0 0 0 253 
1 5 1 2 
255 255 255 23 0 0 40 36 
0 0 1 17 
1 5 1 2 
255 255 255 28 0 0 40 91 
0 0 1 15 
1 5 1 2 
255 255 255 24 0 0 40 139 
0 0 1 7 
1 5 1 2 
255 255 255 28 0 0 40 196 
0 0 0 248 
1 5 1 2 
255 255 255 34 0 0 41 2 
0 0 0 235 
1 5 1 2 
255 255 255 42 0 0 41 57 
0 0 0 220 
1 5 1 2 
255 255 255 46 0 0 41 110 
0 0 0 207 
1 5 1 2 
255 255 255 46 0 0 41 163 
0 0 0 189 
1 5 1 2 
255 255 255 43 0 0 41 209 
0 0 0 172 
1 5 1 2 
255 255 255 43 0 0 42 4 
0 0 0 157 
1 5 1 2 
255 255 255 47 0 0 42 62 
0 0 0 148 
1 5 1 2 
255 255 255 51 0 0 42 115 
0 0 0 148 
1 5 1 2 
255 255 255 51 0 0 42 115 
0 0 0 148 
1 5 1 2 
255 255 255 49 0 0 42 166 
0 0 0 143 
1 5 1 2 
255 255 255 44 0 0 42 219 
0 0 0 136 
1 5 1 2 
255 255 255 46 0 0 43 18 
0 0 0 130 
1 5 1 2 
255 255 255 58 0 0 43 91 
0 0 0 143 
1 5 1 2 
255 255 255 62 0 0 43 138 
0 0 0 141 
1 5 1 2 
255 255 255 51 0 0 43 181 
0 0 0 119 
1 5 1 2 
255 255 255 35 0 0 43 234 
0 0 0 119 
1 5 1 2 
255 255 255 31 0 0 44 36 
0 0 0 116 
1 5 1 2 
255 255 255 20 0 0 44 105 
0 0 0 115 
1 5 1 2 
255 255 255 25 0 0 44 175 
0 0 0 69 
1 5 1 2 
255 255 255 21 0 0 44 214 
0 0 0 71 
1 5 1 2 
255 255 255 12 0 0 44 247 
0 0 0 91 
1 5 1 2 
255 255 255 24 0 0 45 42 
0 0 0 84 
1 5 1 2 
255 255 255 31 0 0 45 114 
0 0 0 91 
1 5 1 2 
255 255 255 52 0 0 45 172 
0 0 0 95 
1 5 1 2 
255 255 255 51 0 0 45 213 
0 0 0 93 
1 5 1 2 
255 255 255 45 0 0 46 9 
0 0 0 94 
1 5 1 2 
255 255 255 48 0 0 46 60 
0 0 0 95 
1 5 1 2 
255 255 255 54 0 0 46 123 
0 0 0 101 
1 5 1 2 
255 255 255 57 0 0 46 167 
0 0 0 84 
1 5 1 2 
255 255 255 52 0 0 46 218 
0 0 0 81 
1 5 1 2 
255 255 255 49 0 0 47 10 
0 0 0 80 
1 5 1 2 
255 255 255 49 0 0 47 10 
0 0 0 80 
1 5 1 2 
255 255 255 47 0 0 47 73 
0 0 0 80 
1 5 1 2 
255 255 255 51 0 0 47 127 
0 0 0 77 
1 5 1 2 
255 255 255 58 0 0 47 173 
0 0 0 63 
1 5 1 2 
255 255 255 57 0 0 47 222 
0 0 0 55 
1 5 1 2 
255 255 255 37 0 0 48 18 
0 0 0 75 
1 5 1 2 
255 255 255 37 0 0 48 67 
0 0 0 55 
1 5 1 2 
255 255 255 53 0 0 48 118 
0 0 0 12 
1 5 1 2 
255 255 255 60 0 0 48 173 
0 0 0 5 
1 5 1 2 
255 255 255 53 0 0 48 222 
255 255 255 253 
1 5 1 2 
255 255 255 47 0 0 49 8 
255 255 255 248 
1 5 1 2 
255 255 255 47 0 0 49 66 
255 255 255 236 
1 5 1 2 
255 255 255 54 0 0 49 121 
255 255 255 224 
1 5 1 2 
255 255 255 55 0 0 49 170 
255 255 255 215 
1 5 1 2 
255 255 255 52 0 0 49 225 
255 255 255 203 
1 5 1 2 
255 255 255 44 0 0 50 15 
255 255 255 201 
1 5 1 2 
255 255 255 40 0 0 50 65 
255 255 255 196 
1 5 1 2 
255 255 255 42 0 0 50 119 
255 255 255 192 
1 5 1 2 
255 255 255 50 0 0 50 174 
255 255 255 187 
1 5 1 2 
255 255 255 49 0 0 50 224 
255 255 255 182 
1 5 1 2 
255 255 255 37 0 0 51 14 
255 255 255 174 
1 5 1 2 
255 255 255 35 0 0 51 70 
255 255 255 172 
1 5 1 2 
255 255 255 40 0 0 51 126 
255 255 255 167 
1 5 1 2 
255 255 255 40 0 0 51 126 
255 255 255 167 
1 5 1 2 
255 255 255 42 0 0 51 185 
255 255 255 161 
1 5 1 2 
255 255 255 44 0 0 51 234 
255 255 255 161 
1 5 1 2 
255 255 255 33 0 0 52 24 
255 255 255 160 
1 5 1 2 
255 255 255 33 0 0 52 80 
255 255 255 161 
1 5 1 2 
255 255 255 32 0 0 52 133 
255 255 255 155 
1 5 1 2 
255 255 255 31 0 0 52 191 
255 255 255 143 
1 5 1 2 
255 255 255 35 0 0 52 237 
255 255 255 142 
1 5 1 2 
255 255 255 29 0 0 53 30 
255 255 255 136 
1 5 1 2 
255 255 255 21 0 0 53 84 
255 255 255 127 
1 5 1 2 
255 255 255 28 0 0 53 141 
255 255 255 133 
1 5 1 2 
255 255 255 28 0 0 53 194 
255 255 255 129 
1 5 1 2 
255 255 255 29 0 0 53 247 
255 255 255 130 
1 5 1 2 
255 255 255 30 0 0 54 67 
255 255 255 121 
1 5 1 2 
255 255 255 23 0 0 54 115 
255 255 255 114 
1 5 1 2 
255 255 255 25 0 0 54 173 
255 255 255 109 
1 5 1 2 
255 255 255 30 0 0 54 228 
255 255 255 101 
1 5 1 2 
255 255 255 30 0 0 55 26 
255 255 255 101 
1 5 1 2 
255 255 255 25 0 0 55 75 
255 255 255 99 
1 5 1 2 
255 255 255 15 0 0 55 124 
255 255 255 97 
1 5 1 2 
255 255 255 15 0 0 55 176 
255 255 255 93 
1 5 1 2 
255 255 255 15 0 0 55 176 
255 255 255 93 
1 5 1 2 
255 255 255 22 0 0 55 232 
255 255 255 84 
1 5 1 2 
255 255 255 21 0 0 56 29 
255 255 255 77 
1 5 1 2 
255 255 255 13 0 0 56 82 
255 255 255 68 
1 5 1 2 
255 255 255 8 0 0 56 139 
255 255 255 66 
1 5 1 2 
255 255 255 10 0 0 56 190 
255 255 255 58 
1 5 1 2 
255 255 255 12 0 0 56 247 
255 255 255 53 
1 5 1 2 
255 255 255 11 0 0 57 43 
255 255 255 55 
1 5 1 2 
255 255 255 8 0 0 57 96 
255 255 255 52 
1 5 1 2 
255 255 254 255 0 0 57 147 
255 255 255 47 
1 5 1 2 
255 255 254 252 0 0 57 199 
255 255 255 44 
1 5 1 2 
255 255 255 1 0 0 57 254 
255 255 255 38 
1 5 1 2 
255 255 254 255 0 0 58 53 
255 255 255 35 
1 5 1 2 
255 255 254 251 0 0 58 107 
255 255 255 25 
1 5 1 2 
255 255 254 244 0 0 58 158 
255 255 255 17 
1 5 1 2 
255 255 254 244 0 0 58 213 
255 255 255 10 
1 5 1 2 
255 255 254 244 0 0 59 9 
255 255 255 5 
1 5 1 2 
255 255 254 248 0 0 59 64 
255 255 254 255 
1 5 1 2 
255 255 254 241 0 0 59 115 
255 255 254 254 
1 5 1 2 
255 255 254 230 0 0 59 161 
255 255 254 248 
1 5 1 2 
255 255 254 226 0 0 59 213 
255 255 254 242 
1 5 1 2 
255 255 254 232 0 0 60 13 
255 255 254 239 
1 5 1 2 
255 255 254 232 0 0 60 13 
255 255 254 239 
1 5 1 2 
255 255 254 234 0 0 60 67 
255 255 254 234 
1 5 1 2 
255 255 254 224 0 0 60 117 
255 255 254 232 
1 5 1 2 
255 255 254 220 0 0 60 160 
255 255 254 239 
1 5 1 2 
255 255 254 218 0 0 60 227 
255 255 255 9 
1 5 1 2 
255 255 254 221 0 0 61 24 
255 255 255 11 
1 5 1 2 
255 255 254 221 0 0 61 79 
255 255 255 12 
1 5 1 2 
255 255 254 217 0 0 61 134 
255 255 255 6 
1 5 1 2 
255 255 254 207 0 0 61 187 
255 255 255 2 
1 5 1 2 
255 255 254 203 0 0 61 239 
255 255 255 2 
1 5 1 2 
255 255 254 205 0 0 62 41 
255 255 254 254 
1 5 1 2 
255 255 254 209 0 0 62 94 
255 255 254 252 
1 5 1 2 
255 255 254 190 0 0 62 143 
255 255 254 186 
1 5 1 2 
255 255 254 186 0 0 62 197 
255 255 254 190 
1 5 1 2 
255 255 254 179 0 0 62 250 
255 255 254 179 
1 5 1 2 
255 255 254 178 0 0 63 46 
255 255 254 175 
1 5 1 2 
255 255 254 183 0 0 63 123 
255 255 254 207 
1 5 1 2 
255 255 254 176 0 0 63 177 
255 255 254 206 
1 5 1 2 
255 255 254 168 0 0 63 225 
255 255 254 200 
1 5 1 2 
255 255 254 165 0 0 64 25 
255 255 254 196 
1 5 1 2 
255 255 254 166 0 0 64 81 
255 255 254 192 
1 5 1 2 
255 255 254 167 0 0 64 141 
255 255 254 192 
1 5 1 2 
255 255 254 161 0 0 64 186 
255 255 254 193 
1 5 1 2 
255 255 254 161 0 0 64 186 
255 255 254 193 
1 5 1 2 
255 255 254 144 0 0 64 212 
255 255 254 154 
1 5 1 2 
255 255 254 143 0 0 65 13 
255 255 254 148 
1 5 1 2 
255 255 254 140 0 0 65 68 
255 255 254 145 
1 5 1 2 
255 255 254 138 0 0 65 135 
255 255 254 167 
1 5 1 2 
255 255 254 139 0 0 65 190 
255 255 254 155 
1 5 1 2 
255 255 254 137 0 0 66 8 
255 255 254 196 
1 5 1 2 
255 255 254 133 0 0 66 63 
255 255 254 205 
1 5 1 2 
255 255 254 133 0 0 66 128 
255 255 254 223 
1 5 1 2 
255 255 254 130 0 0 66 188 
255 255 254 237 
1 5 1 2 
255 255 254 130 0 0 66 243 
255 255 254 255 
1 5 1 2 
255 255 254 119 0 0 67 36 
255 255 255 15 
1 5 1 2 
255 255 254 114 0 0 67 86 
255 255 255 27 
1 5 1 2 
255 255 254 112 0 0 67 140 
255 255 255 36 
1 5 1 2 
255 255 254 112 0 0 67 195 
255 255 255 48 
1 5 1 2 
255 255 254 83 0 0 67 245 
255 255 255 72 
1 5 1 2 
255 255 254 95 0 0 68 28 
255 255 255 52 
1 5 1 2 
255 255 254 89 0 0 68 86 
255 255 255 61 
1 5 1 2 
255 255 254 87 0 0 68 137 
255 255 255 77 
1 5 1 2 
255 255 254 87 0 0 68 194 
255 255 255 89 
1 5 1 2 
255 255 254 86 0 0 68 247 
255 255 255 103 
1 5 1 2 
255 255 254 83 0 0 69 44 
255 255 255 117 
1 5 1 2 
255 255 254 83 0 0 69 44 
255 255 255 117 
1 5 1 2 
255 255 254 78 0 0 69 96 
255 255 255 128 
1 5 1 2 
255 255 254 79 0 0 69 150 
255 255 255 133 
1 5 1 2 
255 255 254 80 0 0 69 201 
255 255 255 142 
1 5 1 2 
255 255 254 79 0 0 69 255 
255 255 255 147 
1 5 1 2 
255 255 254 74 0 0 70 46 
255 255 255 146 
1 5 1 2 
255 255 254 72 0 0 70 102 
255 255 255 140 
1 5 1 2 
255 255 254 70 0 0 70 152 
255 255 255 148 
1 5 1 2 
255 255 254 76 0 0 70 210 
255 255 255 165 
1 5 1 2 
255 255 254 63 0 0 70 243 
255 255 255 146 
1 5 1 2 
255 255 254 54 0 0 71 41 
255 255 255 150 
1 5 1 2 
255 255 254 48 0 0 71 87 
255 255 255 146 
1 5 1 2 
255 255 254 54 0 0 71 143 
255 255 255 158 
1 5 1 2 
255 255 254 46 0 0 71 202 
255 255 255 169 
1 5 1 2 
255 255 254 39 0 0 71 239 
255 255 255 195 
1 5 1 2 
255 255 254 33 0 0 72 51 
255 255 255 180 
1 5 1 2 
255 255 254 39 0 0 72 103 
255 255 255 187 
1 5 1 2 
255 255 254 38 0 0 72 165 
255 255 255 181 
1 5 1 2 
255 255 254 74 0 0 72 224 
255 255 255 252 
1 5 1 2 
255 255 254 62 0 0 73 16 
255 255 255 247 
1 5 1 2 
255 255 254 46 0 0 73 64 
255 255 255 240 
1 5 1 2 
255 255 254 49 0 0 73 113 
255 255 255 248 
1 5 1 2 
255 255 254 47 0 0 73 168 
255 255 255 254 
1 5 1 2 
255 255 254 47 0 0 73 168 
255 255 255 254 
1 5 1 2 
255 255 254 48 0 0 73 218 
0 0 0 7 
1 5 1 2 
255 255 254 42 0 0 74 9 
0 0 0 14 
1 5 1 2 
255 255 254 37 0 0 74 62 
0 0 0 32 
1 5 1 2 
255 255 254 32 0 0 74 102 
0 0 0 45 
1 5 1 2 
255 255 254 37 0 0 74 164 
0 0 0 57 
1 5 1 2 
255 255 254 40 0 0 74 220 
0 0 0 76 
1 5 1 2 
255 255 254 41 0 0 75 13 
0 0 0 100 
1 5 1 2 
255 255 254 30 0 0 75 67 
0 0 0 116 
1 5 1 2 
255 255 254 30 0 0 75 120 
0 0 0 135 
1 5 1 2 
255 255 254 32 0 0 75 172 
0 0 0 150 
1 5 1 2 
255 255 254 39 0 0 75 232 
0 0 0 164 
1 5 1 2 
255 255 254 37 0 0 76 20 
0 0 0 182 
1 5 1 2 
255 255 254 25 0 0 76 53 
0 0 0 174 
1 5 1 2 
255 255 254 33 0 0 76 118 
0 0 0 198 
1 5 1 2 
255 255 254 36 0 0 76 170 
0 0 0 197 
1 5 1 2 
255 255 254 41 0 0 76 219 
0 0 0 201 
1 5 1 2 
255 255 254 40 0 0 77 11 
0 0 0 199 
1 5 1 2 
255 255 254 54 0 0 77 85 
0 0 1 46 
1 5 1 2 
255 255 254 57 0 0 77 136 
0 0 1 55 
1 5 1 2 
255 255 254 61 0 0 77 191 
0 0 1 50 
1 5 1 2 
255 255 254 66 0 0 77 249 
0 0 1 56 
1 5 1 2 
255 255 254 66 0 0 77 249 
0 0 1 56 
1 5 1 2 
255 255 254 73 0 0 78 45 
0 0 1 43 
1 5 1 2 
255 255 254 68 0 0 78 94 
0 0 1 46 
1 5 1 2 
255 255 254 68 0 0 78 145 
0 0 1 44 
1 5 1 2 
255 255 254 67 0 0 78 202 
0 0 1 50 
1 5 1 2 
255 255 254 75 0 0 78 251 
0 0 1 51 
1 5 1 2 
255 255 254 75 0 0 79 44 
0 0 1 48 
1 5 1 2 
255 255 254 77 0 0 79 98 
0 0 1 48 
1 5 1 2 
255 255 254 75 0 0 79 152 
0 0 1 43 
1 5 1 2 
255 255 254 76 0 0 79 207 
0 0 1 43 
1 5 1 2 
255 255 254 81 0 0 80 6 
0 0 1 38 
1 5 1 2 
255 255 254 90 0 0 80 55 
0 0 1 30 
1 5 1 2 
255 255 254 84 0 0 80 110 
0 0 1 27 
1 5 1 2 
255 255 254 82 0 0 80 167 
0 0 1 29 
1 5 1 2 
255 255 254 89 0 0 80 220 
0 0 1 23 
1 5 1 2 
255 255 254 87 0 0 81 19 
0 0 1 28 
1 5 1 2 
255 255 254 93 0 0 81 72 
0 0 1 23 
1 5 1 2 
255 255 254 94 0 0 81 123 
0 0 1 22 
1 5 1 2 
255 255 254 92 0 0 81 179 
0 0 1 17 
1 5 1 2 
255 255 254 95 0 0 81 237 
0 0 1 10 
1 5 1 2 
255 255 254 97 0 0 82 35 
0 0 1 7 
1 5 1 2 
255 255 254 104 0 0 82 89 
0 0 1 2 
1 5 1 2 
255 255 254 104 0 0 82 89 
0 0 1 2 
1 5 1 2 
255 255 254 104 0 0 82 146 
0 0 1 5 
1 5 1 2 
255 255 254 102 0 0 82 206 
0 0 1 6 
1 5 1 2 
255 255 254 106 0 0 83 5 
0 0 1 7 
1 5 1 2 
255 255 254 112 0 0 83 64 
0 0 1 1 
1 5 1 2 
255 255 254 108 0 0 83 108 
0 0 1 6 
1 5 1 2 
255 255 254 96 0 0 83 168 
0 0 1 21 
1 5 1 2 
255 255 254 93 0 0 83 250 
0 0 0 222 
1 5 1 2 
255 255 254 96 0 0 84 41 
0 0 0 214 
1 5 1 2 
255 255 254 100 0 0 84 98 
0 0 0 201 
1 5 1 2 
255 255 254 99 0 0 84 160 
0 0 0 196 
1 5 1 2 
255 255 254 104 0 0 84 215 
0 0 0 176 
1 5 1 2 
255 255 254 103 0 0 85 18 
0 0 0 163 
1 5 1 2 
255 255 254 121 0 0 85 63 
0 0 0 173 
1 5 1 2 
255 255 254 120 0 0 85 104 
0 0 0 188 
1 5 1 2 
255 255 254 130 0 0 85 165 
0 0 0 154 
1 5 1 2 
255 255 254 131 0 0 85 212 
0 0 0 143 
1 5 1 2 
255 255 254 129 0 0 86 15 
0 0 0 138 
1 5 1 2 
255 255 254 133 0 0 86 68 
0 0 0 131 
1 5 1 2 
255 255 254 135 0 0 86 124 
0 0 0 122 
1 5 1 2 
255 255 254 124 0 0 86 191 
0 0 0 89 
1 5 1 2 
255 255 254 125 0 0 86 253 
0 0 0 76 
1 5 1 2 
255 255 254 123 0 0 87 55 
0 0 0 63 
1 5 1 2 
255 255 254 123 0 0 87 55 
0 0 0 63 
1 5 1 2 
255 255 254 120 0 0 87 110 
0 0 0 57 
1 5 1 2 
255 255 254 123 0 0 87 168 
0 0 0 47 
1 5 1 2 
255 255 254 124 0 0 87 219 
0 0 0 36 
1 5 1 2 
255 255 254 127 0 0 88 17 
0 0 0 24 
1 5 1 2 
255 255 254 122 0 0 88 64 
0 0 0 27 
1 5 1 2 
255 255 254 124 0 0 88 123 
0 0 0 18 
1 5 1 2 
255 255 254 127 0 0 88 174 
0 0 0 4 
1 5 1 2 
255 255 254 131 0 0 88 225 
0 0 0 0 
1 5 1 2 
255 255 254 127 0 0 89 22 
255 255 255 234 
1 5 1 2 
255 255 254 108 0 0 89 67 
255 255 255 242 
1 5 1 2 
255 255 254 131 0 0 89 126 
0 0 0 41 
1 5 1 2 
255 255 254 179 0 0 89 138 
255 255 255 239 
1 5 1 3 
255 255 254 151 0 0 90 17 
0 0 0 9 
1 5 1 2 
255 255 254 148 0 0 90 43 
0 0 0 9 
1 5 1 2 
255 255 254 148 0 0 90 84 
0 0 0 13 
1 5 1 2 
255 255 254 149 0 0 90 134 
0 0 0 12 
1 5 1 2 
255 255 254 153 0 0 90 187 
0 0 0 10 
1 5 1 2 
255 255 254 148 0 0 90 239 
0 0 0 8 
1 5 1 2 
255 255 254 86 0 0 91 38 
255 255 255 176 
1 5 1 2 
255 255 254 75 0 0 91 93 
255 255 255 165 
1 5 1 2 
255 255 254 122 0 0 91 160 
255 255 255 213 
1 5 1 2 
255 255 254 122 0 0 91 160 
255 255 255 213 
1 5 1 2 
255 255 254 116 0 0 91 214 
255 255 255 195 
1 5 1 2 
255 255 254 108 0 0 92 10 
255 255 255 189 
1 5 1 2 
255 255 254 100 0 0 92 68 
255 255 255 183 
1 5 1 2 
255 255 254 90 0 0 92 124 
255 255 255 201 
1 5 1 2 
255 255 254 104 0 0 92 170 
255 255 255 182 
1 5 1 2 
255 255 254 111 0 0 93 2 
255 255 255 213 
1 5 1 2 
255 255 254 104 0 0 93 52 
255 255 255 223 
1 5 1 2 
255 255 254 96 0 0 93 106 
255 255 255 223 
1 5 1 2 
255 255 254 92 0 0 93 160 
255 255 255 233 
1 5 1 2 
255 255 254 102 0 0 93 222 
255 255 255 237 
1 5 1 2 
255 255 254 104 0 0 94 18 
255 255 255 246 
1 5 1 2 
255 255 254 103 0 0 94 72 
255 255 255 242 
1 5 1 2 
255 255 254 90 0 0 94 124 
255 255 255 244 
1 5 1 2 
255 255 254 88 0 0 94 174 
255 255 255 250 
1 5 1 2 
255 255 254 93 0 0 94 223 
255 255 255 251 
1 5 1 2 
255 255 254 88 0 0 94 250 
255 255 255 245 
1 5 1 2 
255 255 254 85 0 0 95 41 
0 0 0 8 
1 5 1 2 
255 255 254 81 0 0 95 88 
255 255 255 244 
1 5 1 2 
255 255 254 78 0 0 95 143 
255 255 255 241 
1 5 1 2 
255 255 254 83 0 0 95 192 
255 255 255 245 
1 5 1 2 
255 255 254 85 0 0 95 247 
255 255 255 240 
1 5 1 2 
255 255 254 85 0 0 95 247 
255 255 255 240 
1 5 1 2 
255 255 254 86 0 0 96 46 
255 255 255 242 
1 5 1 2 
255 255 254 77 0 0 96 101 
255 255 255 247 
1 5 1 2 
255 255 254 76 0 0 96 158 
255 255 255 255 
1 5 1 2 
255 255 254 77 0 0 96 212 
0 0 0 2 
1 5 1 2 
255 255 254 83 0 0 97 11 
0 0 0 8 
1 5 1 2 
255 255 254 80 0 0 97 65 
0 0 0 6 
1 5 1 2 
255 255 254 70 0 0 97 113 
0 0 0 4 
1 5 1 2 
255 255 254 68 0 0 97 169 
0 0 0 3 
1 5 1 2 
255 255 254 69 0 0 97 223 
0 0 0 0 
1 5 1 2 
255 255 254 78 0 0 98 23 
0 0 0 1 
1 5 1 2 
255 255 254 73 0 0 98 78 
255 255 255 250 
1 5 1 2 
255 255 254 65 0 0 98 132 
255 255 255 245 
1 5 1 2 
255 255 254 64 0 0 98 186 
255 255 255 236 
1 5 1 2 
255 255 254 68 0 0 98 245 
255 255 255 228 
1 5 1 2 
255 255 254 71 0 0 99 44 
255 255 255 228 
1 5 1 2 
255 255 254 73 0 0 99 88 
255 255 255 240 
1 5 1 2 
255 255 254 61 0 0 99 143 
255 255 255 240 
1 5 1 2 
255 255 254 62 0 0 99 196 
255 255 255 242 
1 5 1 2 
255 255 254 64 0 0 99 251 
255 255 255 241 
1 5 1 2 
255 255 254 67 0 0 100 49 
255 255 255 242 
1 5 1 2 
255 255 254 63 0 0 100 102 
255 255 255 230 
1 5 1 2 
255 255 254 63 0 0 100 102 
255 255 255 230 
1 5 1 2 
255 255 254 59 0 0 100 157 
255 255 255 233 
1 5 1 2 
255 255 254 59 0 0 100 209 
255 255 255 239 
1 5 1 2 
255 255 254 103 0 0 101 48 
0 0 0 72 
1 5 1 2 
255 255 254 101 0 0 101 104 
0 0 0 81 
1 5 1 2 
255 255 254 108 0 0 101 156 
0 0 0 81 
1 5 1 2 
255 255 254 104 0 0 101 213 
0 0 0 75 
1 5 1 2 
255 255 254 106 0 0 102 11 
0 0 0 69 
1 5 1 2 
255 255 254 107 0 0 102 72 
0 0 0 65 
1 5 1 2 
255 255 254 111 0 0 102 123 
0 0 0 61 
1 5 1 2 
255 255 254 108 0 0 102 172 
0 0 0 54 
1 5 1 2 
255 255 254 102 0 0 102 224 
0 0 0 54 
1 5 1 2 
255 255 254 100 0 0 103 18 
0 0 0 55 
1 5 1 2 
255 255 254 104 0 0 103 78 
0 0 0 51 
1 5 1 2 
255 255 254 111 0 0 103 131 
0 0 0 42 
1 5 1 2 
255 255 254 112 0 0 103 178 
0 0 0 38 
1 5 1 2 
255 255 254 106 0 0 103 228 
0 0 0 36 
1 5 1 2 
255 255 254 103 0 0 104 24 
0 0 0 36 
1 5 1 2 
255 255 254 102 0 0 104 75 
0 0 0 34 
1 5 1 2 
255 255 254 109 0 0 104 129 
0 0 0 32 
1 5 1 2 
255 255 254 109 0 0 104 179 
0 0 0 22 
1 5 1 2 
255 255 254 103 0 0 104 231 
0 0 0 12 
1 5 1 2 
255 255 254 103 0 0 104 231 
0 0 0 12 
1 5 1 2 
255 255 254 99 0 0 105 24 
0 0 0 7 
1 5 1 2 
255 255 254 104 0 0 105 78 
0 0 0 4 
1 5 1 2 
255 255 254 105 0 0 105 130 
0 0 0 0 
1 5 1 2 
255 255 254 110 0 0 105 181 
255 255 255 248 
1 5 1 2 
255 255 254 102 0 0 105 231 
255 255 255 243 
1 5 1 2 
255 255 254 96 0 0 106 25 
255 255 255 242 
1 5 1 2 
255 255 254 101 0 0 106 80 
255 255 255 238 
1 5 1 2 
255 255 254 104 0 0 106 135 
255 255 255 232 
1 5 1 2 
255 255 254 105 0 0 106 186 
255 255 255 229 
1 5 1 2 
255 255 254 104 0 0 106 235 
255 255 255 243 
1 5 1 2 
255 255 254 105 0 0 107 22 
0 0 0 2 
1 5 1 2 
255 255 254 98 0 0 107 77 
0 0 0 4 
1 5 1 2 
255 255 254 104 0 0 107 129 
0 0 0 6 
1 5 1 2 
255 255 254 109 0 0 107 176 
0 0 0 6 
1 5 1 2 
255 255 254 102 0 0 107 224 
0 0 0 0 
1 5 1 2 
255 255 254 98 0 0 108 15 
0 0 0 1 
1 5 1 2 
255 255 254 93 0 0 108 69 
255 255 255 253 
1 5 1 2 
255 255 254 100 0 0 108 125 
255 255 255 251 
1 5 1 2 
255 255 254 101 0 0 108 177 
255 255 255 244 
1 5 1 2 
255 255 254 85 0 0 108 230 
255 255 255 180 
1 5 1 2 
255 255 254 86 0 0 109 31 
255 255 255 187 
1 5 1 2 
255 255 254 82 0 0 109 84 
255 255 255 177 
1 5 1 2 
255 255 254 82 0 0 109 84 
255 255 255 177 
1 5 1 2 
255 255 254 88 0 0 109 144 
255 255 255 177 
1 5 1 2 
255 255 254 86 0 0 109 194 
255 255 255 170 
1 5 1 2 
255 255 254 83 0 0 109 244 
255 255 255 162 
1 5 1 2 
255 255 254 75 0 0 110 36 
255 255 255 153 
1 5 1 2 
255 255 254 74 0 0 110 82 
255 255 255 166 
1 5 1 2 
255 255 254 71 0 0 110 142 
255 255 255 161 
1 5 1 2 
255 255 254 128 0 0 110 182 
255 255 255 174 
1 5 1 2 
255 255 254 109 0 0 110 230 
255 255 255 186 
1 5 1 2 
255 255 254 109 0 0 111 24 
255 255 255 173 
1 5 1 2 
255 255 254 121 0 0 111 83 
255 255 255 144 
1 5 1 2 
255 255 254 118 0 0 111 130 
255 255 255 154 
1 5 1 2 
255 255 254 123 0 0 111 179 
255 255 255 147 
1 5 1 2 
255 255 254 122 0 0 111 227 
255 255 255 145 
1 5 1 2 
255 255 254 74 0 0 112 95 
255 255 255 201 
1 5 1 2 
255 255 254 69 0 0 112 129 
255 255 255 209 
1 5 1 2 
255 255 254 78 0 0 112 178 
255 255 255 193 
1 5 1 2 
255 255 254 77 0 0 112 231 
255 255 255 196 
1 5 1 2 
255 255 254 71 0 0 113 21 
255 255 255 196 
1 5 1 2 
255 255 254 62 0 0 113 75 
255 255 255 192 
1 5 1 2 
255 255 254 50 0 0 113 60 
255 255 255 104 
1 5 1 2 
255 255 254 68 0 0 113 171 
255 255 255 179 
1 5 1 2 
255 255 254 74 0 0 113 219 
255 255 255 176 
1 5 1 2 
255 255 254 74 0 0 113 219 
255 255 255 176 
1 5 1 2 
255 255 254 65 0 0 114 18 
255 255 255 180 
1 5 1 2 
255 255 254 74 0 0 114 18 
255 255 255 142 
1 5 1 2 
255 255 254 86 0 0 114 64 
255 255 255 107 
1 5 1 2 
255 255 254 84 0 0 114 119 
255 255 255 126 
1 5 1 2 
255 255 254 103 0 0 114 162 
255 255 255 104 
1 5 1 2 
255 255 254 98 0 0 114 207 
255 255 255 104 
1 5 1 2 
255 255 254 92 0 0 114 253 
255 255 255 107 
1 5 1 2 
255 255 254 86 0 0 115 45 
255 255 255 109 
1 5 1 2 
255 255 254 87 0 0 115 103 
255 255 255 107 
1 5 1 2 
255 255 254 90 0 0 115 159 
255 255 255 106 
1 5 1 2 
255 255 254 84 0 0 115 207 
255 255 255 106 
1 5 1 2 
255 255 254 75 0 0 115 255 
255 255 255 109 
1 5 1 2 
255 255 254 71 0 0 116 45 
255 255 255 110 
1 5 1 2 
255 255 254 71 0 0 116 99 
255 255 255 114 
1 5 1 2 
255 255 254 74 0 0 116 148 
255 255 255 115 
1 5 1 2 
255 255 254 72 0 0 116 191 
255 255 255 119 
1 5 1 2 
255 255 254 62 0 0 116 231 
255 255 255 122 
1 5 1 2 
255 255 254 58 0 0 117 23 
255 255 255 125 
1 5 1 2 
255 255 254 65 0 0 117 74 
255 255 255 134 
1 5 1 2 
255 255 254 65 0 0 117 131 
255 255 255 144 
1 5 1 2 
255 255 254 65 0 0 117 131 
255 255 255 144 
1 5 1 2 
255 255 254 62 0 0 117 175 
255 255 255 160 
1 5 1 2 
255 255 254 56 0 0 117 213 
255 255 255 175 
1 5 1 2 
255 255 254 49 0 0 118 8 
255 255 255 197 
1 5 1 2 
255 255 254 53 0 0 118 64 
255 255 255 225 
1 5 1 2 
255 255 254 65 0 0 118 117 
255 255 255 255 
1 5 1 2 
255 255 254 53 0 0 118 151 
0 0 0 3 
1 5 1 2 
255 255 253 254 0 0 118 215 
0 0 0 24 
1 5 1 2 
255 255 253 245 0 0 119 9 
0 0 0 39 
1 5 1 2 
255 255 253 251 0 0 119 56 
0 0 0 66 
1 5 1 2 
255 255 253 245 0 0 119 126 
0 0 0 56 
1 5 1 2 
255 255 254 18 0 0 119 118 
0 0 0 57 
1 5 1 2 
255 255 253 236 0 0 119 226 
0 0 0 49 
1 5 1 2 
255 255 253 240 0 0 120 7 
0 0 0 58 
1 5 1 2 
255 255 253 246 0 0 120 54 
0 0 0 76 
1 5 1 2 
255 255 254 68 0 0 120 105 
0 0 0 90 
1 5 1 2 
255 255 254 57 0 0 120 149 
0 0 0 81 
1 5 1 2 
255 255 254 37 0 0 120 193 
0 0 0 74 
1 5 1 2 
255 255 254 30 0 0 120 237 
0 0 0 83 
1 5 1 2 
255 255 254 37 0 0 121 27 
0 0 0 96 
1 5 1 2 
255 255 254 14 0 0 121 92 
0 0 0 123 
1 5 1 2 
255 255 254 43 0 0 121 136 
0 0 0 90 
1 5 1 2 
255 255 254 31 0 0 121 186 
0 0 0 94 
1 5 1 2 
255 255 254 31 0 0 121 186 
0 0 0 94 
1 5 1 2 
255 255 254 30 0 0 121 232 
0 0 0 94 
1 5 1 2 
255 255 254 33 0 0 122 34 
0 0 0 87 
1 5 1 2 
255 255 254 48 0 0 122 86 
0 0 0 90 
1 5 1 2 
255 255 254 49 0 0 122 138 
0 0 0 84 
1 5 1 2 
255 255 254 44 0 0 122 179 
0 0 0 89 
1 5 1 2 
255 255 254 31 0 0 122 237 
0 0 0 80 
1 5 1 2 
255 255 254 32 0 0 123 34 
0 0 0 82 
1 5 1 2 
255 255 254 41 0 0 123 88 
0 0 0 86 
1 5 1 2 
255 255 254 43 0 0 123 137 
0 0 0 86 
1 5 1 2 
255 255 254 34 0 0 123 187 
0 0 0 82 
1 5 1 2 
255 255 254 26 0 0 123 239 
0 0 0 76 
1 5 1 2 
255 255 254 28 0 0 124 34 
0 0 0 70 
1 5 1 2 
255 255 254 39 0 0 124 86 
0 0 0 66 
1 5 1 2 
255 255 254 41 0 0 124 137 
0 0 0 78 
1 5 1 2 
255 255 254 32 0 0 124 182 
0 0 0 77 
1 5 1 2 
255 255 254 26 0 0 124 231 
0 0 0 79 
1 5 1 2 
255 255 254 31 0 0 125 22 
0 0 0 95 
1 5 1 2 
255 255 254 34 0 0 125 72 
0 0 0 93 
1 5 1 2 
255 255 254 35 0 0 125 122 
0 0 0 100 
1 5 1 2 
255 255 254 27 0 0 125 166 
0 0 0 113 
1 5 1 2 
255 255 254 20 0 0 125 216 
0 0 0 130 
1 5 1 2 
255 255 254 20 0 0 125 216 
0 0 0 130 
1 5 1 2 
255 255 254 21 0 0 126 14 
0 0 0 144 
1 5 1 2 
255 255 254 28 0 0 126 64 
0 0 0 157 
1 5 1 2 
255 255 254 28 0 0 126 115 
0 0 0 170 
1 5 1 2 
255 255 254 20 0 0 126 164 
0 0 0 188 
1 5 1 2 
255 255 254 17 0 0 126 215 
0 0 0 209 
1 5 1 2 
255 255 254 17 0 0 127 2 
0 0 0 224 
1 5 1 2 
255 255 254 22 0 0 127 56 
0 0 0 240 
1 5 1 2 
255 255 254 30 0 0 127 106 
0 0 1 5 
1 5 1 2 
255 255 254 21 0 0 127 151 
0 0 1 18 
1 5 1 2 
255 255 254 21 0 0 127 201 
0 0 1 40 
1 5 1 2 
255 255 254 15 0 0 127 254 
0 0 1 59 
1 5 1 2 
255 255 254 22 0 0 128 49 
0 0 1 96 
1 5 1 2 
255 255 254 22 0 0 128 98 
0 0 1 119 
1 5 1 2 
255 255 254 25 0 0 128 145 
0 0 1 166 
1 5 1 2 
255 255 254 27 0 0 128 183 
0 0 1 221 
1 5 1 2 
255 255 254 27 0 0 128 228 
0 0 2 5 
1 5 1 2 
255 255 254 35 0 0 129 20 
0 0 2 47 
1 5 1 2 
255 255 254 53 0 0 129 117 
0 0 2 195 
1 5 1 2 
255 255 254 53 0 0 129 158 
0 0 2 234 
1 5 1 2 
255 255 254 51 0 0 129 204 
0 0 3 29 
1 5 1 2 
255 255 254 57 0 0 129 241 
0 0 3 37 
1 5 1 2 
255 255 254 57 0 0 129 241 
0 0 3 37 
1 5 1 2 
255 255 254 56 0 0 130 34 
0 0 3 109 
1 5 1 2 
255 255 254 79 0 0 130 92 
0 0 4 39 
1 5 1 2 
255 255 254 74 0 0 130 147 
0 0 4 84 
1 5 1 2 
255 255 254 63 0 0 130 184 
0 0 4 160 
1 5 1 2 
255 255 254 73 0 0 130 229 
0 0 4 251 
1 5 1 2 
255 255 254 81 0 0 131 22 
0 0 5 98 
1 5 1 2 
255 255 254 97 0 0 131 72 
0 0 5 205 
1 5 1 2 
255 255 254 107 0 0 131 120 
0 0 6 60 
1 5 1 2 
255 255 254 99 0 0 131 159 
0 0 6 175 
1 5 1 2 
255 255 254 108 0 0 131 196 
0 0 7 33 
1 5 1 2 
255 255 254 131 0 0 131 239 
0 0 7 197 
1 5 1 2 
255 255 254 124 0 0 132 11 
0 0 7 216 
1 5 1 2 
255 255 254 133 0 0 132 51 
0 0 8 90 
1 5 1 2 
255 255 254 138 0 0 132 86 
0 0 8 238 
1 5 1 2 
255 255 254 140 0 0 132 118 
0 0 9 115 
1 5 1 2 
255 255 254 178 0 0 132 168 
0 0 10 93 
1 5 1 2 
255 255 254 57 0 0 132 202 
0 0 10 130 
1 5 1 2 
255 255 254 189 0 0 133 4 
0 0 11 182 
1 5 1 2 
255 255 254 198 0 0 133 16 
0 0 12 121 
1 5 1 2 
255 255 254 203 0 0 133 53 
0 0 13 69 
1 5 1 2 
255 255 254 217 0 0 133 90 
0 0 14 23 
1 5 1 2 
255 255 254 244 0 0 133 119 
0 0 15 2 
1 5 1 2 
255 255 254 244 0 0 133 119 
0 0 15 2 
1 5 1 2 
255 255 254 252 0 0 133 156 
0 0 15 222 
1 5 1 2 
255 255 255 4 0 0 133 141 
0 0 16 145 
1 5 1 2 
255 255 255 22 0 0 133 219 
0 0 17 146 
1 5 1 2 
255 255 255 38 0 0 134 2 
0 0 18 122 
1 5 1 2 
255 255 255 40 0 0 134 43 
0 0 19 84 
1 5 1 2 
255 255 255 16 0 0 134 51 
0 0 20 18 
1 5 1 2 
255 255 255 31 0 0 134 81 
0 0 20 244 
1 5 1 2 
255 255 255 47 0 0 134 103 
0 0 21 220 
1 5 1 2 
255 255 255 63 0 0 134 134 
0 0 22 194 
1 5 1 2 
255 255 255 79 0 0 134 149 
0 0 23 167 
1 5 1 2 
255 255 255 86 0 0 134 168 
0 0 24 140 
1 5 1 2 
255 255 255 113 0 0 134 191 
0 0 25 119 
1 5 1 2 
255 255 255 154 0 0 134 193 
0 0 26 85 
1 5 1 2 
255 255 255 204 0 0 134 210 
0 0 27 90 
1 5 1 2 
255 255 255 196 0 0 134 234 
0 0 28 62 
1 5 1 2 
255 255 255 211 0 0 134 247 
0 0 29 45 
1 5 1 2 
255 255 255 230 0 0 135 8 
0 0 30 28 
1 5 1 2 
0 0 0 10 0 0 135 57 
0 0 31 68 
1 5 1 2 
255 255 255 253 0 0 135 65 
0 0 32 32 
1 5 1 2 
0 0 0 62 0 0 135 97 
0 0 33 83 
1 5 1 2 
0 0 0 62 0 0 135 97 
0 0 33 83 
1 5 1 2 
0 0 0 72 0 0 135 108 
0 0 34 75 
1 5 1 2 
0 0 0 96 0 0 135 122 
0 0 35 85 
1 5 1 2 
0 0 0 128 0 0 135 138 
0 0 36 95 
1 5 1 2 
0 0 0 148 0 0 135 143 
0 0 37 99 
1 5 1 2 
0 0 0 179 0 0 135 151 
0 0 38 104 
1 5 1 2 
0 0 0 193 0 0 135 164 
0 0 39 88 
1 5 1 2 
0 0 0 214 0 0 135 167 
0 0 40 71 
1 5 1 2 
0 0 0 237 0 0 135 173 
0 0 41 48 
1 5 1 2 
0 0 1 3 0 0 135 179 
0 0 42 31 
1 5 1 2 
0 0 1 31 0 0 135 186 
0 0 43 18 
1 5 1 2 
0 0 1 49 0 0 135 186 
0 0 43 246 
1 5 1 2 
0 0 1 69 0 0 135 191 
0 0 44 224 
1 5 1 2 
0 0 1 94 0 0 135 192 
0 0 45 208 
1 5 1 2 
0 0 1 121 0 0 135 193 
0 0 46 193 
1 5 1 2 
0 0 1 140 0 0 135 190 
0 0 47 174 
1 5 1 2 
0 0 1 133 0 0 135 170 
0 0 48 123 
1 5 1 2 
0 0 1 156 0 0 135 163 
0 0 49 112 
1 5 1 2 
0 0 1 196 0 0 135 178 
0 0 50 129 
1 5 1 2 
0 0 1 233 0 0 135 176 
0 0 51 113 
1 5 1 2 
0 0 1 237 0 0 135 141 
0 0 52 53 
1 5 1 2 
0 0 2 3 0 0 135 134 
0 0 53 37 
1 5 1 2 
0 0 2 69 0 0 135 156 
0 0 54 132 
1 5 1 2 
0 0 2 69 0 0 135 156 
0 0 54 132 
1 5 1 2 
0 0 2 70 0 0 135 153 
0 0 55 65 
1 5 1 2 
0 0 2 100 0 0 135 146 
0 0 56 70 
1 5 1 2 
0 0 2 115 0 0 135 136 
0 0 57 55 
1 5 1 2 
0 0 2 133 0 0 135 123 
0 0 58 41 
1 5 1 2 
0 0 2 144 0 0 135 112 
0 0 59 16 
1 5 1 2 
0 0 2 167 0 0 135 101 
0 0 59 254 
1 5 1 2 
0 0 2 193 0 0 135 93 
0 0 60 233 
1 5 1 2 
0 0 2 212 0 0 135 75 
0 0 61 208 
1 5 1 2 
0 0 2 223 0 0 135 60 
0 0 62 166 
1 5 1 2 
0 0 2 236 0 0 135 47 
0 0 63 130 
1 5 1 2 
0 0 2 251 0 0 135 38 
0 0 64 88 
1 5 1 2 
0 0 3 23 0 0 135 22 
0 0 65 68 
1 5 1 2 
0 0 3 27 0 0 135 6 
0 0 66 30 
1 5 1 2 
0 0 3 36 0 0 134 242 
0 0 67 2 
1 5 1 2 
0 0 3 52 0 0 134 227 
0 0 67 240 
1 5 1 2 
0 0 3 70 0 0 134 209 
0 0 68 216 
1 5 1 2 
0 0 3 80 0 0 134 194 
0 0 69 187 
1 5 1 2 
0 0 3 92 0 0 134 174 
255 255 185 254 
1 5 1 2 
0 0 3 101 0 0 134 149 
255 255 186 217 
1 5 1 2 
0 0 3 104 0 0 134 133 
255 255 187 176 
1 5 1 2 
0 0 3 112 0 0 134 116 
255 255 188 129 
1 5 1 2 
0 0 3 112 0 0 134 116 
255 255 188 129 
1 5 1 2 
0 0 3 131 0 0 134 94 
255 255 189 90 
1 5 1 2 
0 0 3 133 0 0 134 75 
255 255 190 47 
1 5 1 2 
0 0 3 136 0 0 134 50 
255 255 191 6 
1 5 1 2 
0 0 3 111 0 0 134 14 
255 255 191 190 
1 5 1 2 
0 0 3 115 0 0 133 250 
255 255 192 163 
1 5 1 2 
0 0 3 118 0 0 134 12 
255 255 193 145 
1 5 1 2 
0 0 3 149 0 0 133 221 
255 255 194 86 
1 5 1 2 
0 0 3 110 0 0 133 158 
255 255 194 213 
1 5 1 2 
0 0 3 117 0 0 133 132 
255 255 195 105 
1 5 1 2 
0 0 3 118 0 0 133 115 
255 255 195 227 
1 5 1 2 
0 0 3 121 0 0 133 95 
255 255 196 70 
1 5 1 2 
0 0 3 114 0 0 133 98 
255 255 196 187 
1 5 1 2 
0 0 3 85 0 0 133 78 
255 255 196 225 
1 5 1 2 
0 0 3 77 0 0 133 57 
255 255 197 34 
1 5 1 2 
0 0 3 60 0 0 133 43 
255 255 197 82 
1 5 1 2 
0 0 3 48 0 0 133 27 
255 255 197 128 
1 5 1 2 
0 0 3 44 0 0 133 8 
255 255 197 167 
1 5 1 2 
0 0 3 24 0 0 132 239 
255 255 197 189 
1 5 1 2 
0 0 3 9 0 0 132 208 
255 255 197 206 
1 5 1 2 
0 0 2 254 0 0 132 182 
255 255 197 205 
1 5 1 2 
0 0 2 235 0 0 132 159 
255 255 197 187 
1 5 1 2 
0 0 2 229 0 0 132 133 
255 255 197 177 
1 5 1 2 
0 0 2 229 0 0 132 133 
255 255 197 177 
1 5 1 2 
0 0 2 206 0 0 132 102 
255 255 197 144 
1 5 1 2 
0 0 2 183 0 0 132 70 
255 255 197 101 
1 5 1 2 
0 0 2 161 0 0 132 45 
255 255 197 55 
1 5 1 2 
0 0 2 187 0 0 132 34 
255 255 197 62 
1 5 1 2 
0 0 2 177 0 0 132 2 
255 255 197 5 
1 5 1 2 
0 0 2 155 0 0 131 225 
255 255 196 194 
1 5 1 2 
0 0 2 129 0 0 131 194 
255 255 196 125 
1 5 1 2 
0 0 2 116 0 0 131 163 
255 255 196 67 
1 5 1 2 
0 0 2 110 0 0 131 130 
255 255 196 43 
1 5 1 2 
0 0 2 94 0 0 131 97 
255 255 195 254 
1 5 1 2 
0 0 2 54 0 0 131 32 
255 255 195 64 
1 5 1 2 
0 0 2 26 0 0 130 252 
255 255 194 241 
1 5 1 2 
0 0 2 5 0 0 130 223 
255 255 194 159 
1 5 1 2 
0 0 1 253 0 0 130 191 
255 255 194 88 
1 5 1 2 
0 0 1 238 0 0 130 152 
255 255 194 24 
1 5 1 2 
0 0 1 216 0 0 130 115 
255 255 193 204 
1 5 1 2 
0 0 1 194 0 0 130 78 
255 255 193 124 
1 5 1 2 
0 0 1 177 0 0 130 47 
255 255 193 38 
1 5 1 2 
0 0 1 168 0 0 130 17 
255 255 192 201 
1 5 1 2 
0 0 1 161 0 0 130 12 
255 255 192 173 
1 5 1 2 
0 0 1 146 0 0 129 224 
255 255 192 113 
1 5 1 2 
0 0 1 146 0 0 129 224 
255 255 192 113 
1 5 1 2 
0 0 1 123 0 0 129 188 
255 255 192 39 
1 5 1 2 
0 0 1 111 0 0 129 151 
255 255 191 221 
1 5 1 2 
0 0 1 105 0 0 129 117 
255 255 191 138 
1 5 1 2 
0 0 1 95 0 0 129 81 
255 255 191 58 
1 5 1 2 
0 0 1 83 0 0 129 36 
255 255 190 246 
1 5 1 2 
0 0 1 58 0 0 128 251 
255 255 190 164 
1 5 1 2 
0 0 1 45 0 0 128 210 
255 255 190 85 
1 5 1 2 
0 0 1 40 0 0 128 174 
255 255 190 17 
1 5 1 2 
0 0 1 30 0 0 128 133 
255 255 189 189 
1 5 1 2 
0 0 1 21 0 0 128 88 
255 255 189 122 
1 5 1 2 
0 0 1 6 0 0 128 48 
255 255 189 52 
1 5 1 2 
0 0 0 252 0 0 128 3 
255 255 188 232 
1 5 1 2 
0 0 0 246 0 0 127 220 
255 255 188 166 
1 5 1 2 
0 0 0 247 0 0 127 180 
255 255 188 107 
1 5 1 2 
0 0 0 236 0 0 127 134 
255 255 188 42 
1 5 1 2 
0 0 0 224 0 0 127 89 
255 255 187 241 
1 5 1 2 
0 0 0 215 0 0 127 46 
255 255 187 197 
1 5 1 2 
0 0 0 216 0 0 127 1 
255 255 187 163 
1 5 1 2 
0 0 0 219 0 0 126 215 
255 255 187 135 
1 5 1 2 
0 0 0 210 0 0 126 172 
255 255 187 116 
1 5 1 2 
0 0 0 207 0 0 126 120 
255 255 187 108 
1 5 1 2 
0 0 0 207 0 0 126 120 
255 255 187 108 
1 5 1 2 
0 0 0 202 0 0 126 71 
255 255 187 97 
1 5 1 2 
0 0 0 201 0 0 126 30 
255 255 187 86 
1 5 1 2 
0 0 0 201 0 0 125 240 
255 255 187 74 
1 5 1 2 
0 0 0 195 0 0 125 190 
255 255 187 59 
1 5 1 2 
0 0 0 187 0 0 125 145 
255 255 187 43 
1 5 1 2 
0 0 0 185 0 0 125 99 
255 255 187 34 
1 5 1 2 
0 0 0 188 0 0 125 48 
255 255 187 25 
1 5 1 2 
0 0 0 187 0 0 125 6 
255 255 187 13 
1 5 1 2 
0 0 0 183 0 0 124 217 
255 255 187 6 
1 5 1 2 
0 0 0 182 0 0 124 165 
255 255 186 255 
1 5 1 2 
0 0 0 175 0 0 124 120 
255 255 187 3 
1 5 1 2 
0 0 0 179 0 0 124 71 
255 255 187 0 
1 5 1 2 
0 0 0 182 0 0 124 23 
255 255 187 8 
1 5 1 2 
0 0 0 174 0 0 123 235 
255 255 187 12 
1 5 1 2 
0 0 0 172 0 0 123 181 
255 255 187 13 
1 5 1 2 
0 0 0 172 0 0 123 128 
255 255 187 28 
1 5 1 2 
0 0 0 172 0 0 123 79 
255 255 187 40 
1 5 1 2 
0 0 0 172 0 0 123 31 
255 255 187 52 
1 5 1 2 
0 0 0 170 0 0 122 242 
255 255 187 77 
1 5 1 2 
0 0 0 164 0 0 122 190 
255 255 187 97 
1 5 1 2 
0 0 0 163 0 0 122 134 
255 255 187 109 
1 5 1 2 
0 0 0 163 0 0 122 134 
255 255 187 109 
1 5 1 2 
0 0 0 156 0 0 122 89 
255 255 187 110 
1 5 1 2 
0 0 0 157 0 0 122 40 
255 255 187 102 
1 5 1 2 
0 0 0 158 0 0 121 247 
255 255 187 108 
1 5 1 2 
0 0 0 153 0 0 121 193 
255 255 187 113 
1 5 1 2 
0 0 0 151 0 0 121 142 
255 255 187 123 
1 5 1 2 
0 0 0 149 0 0 121 91 
255 255 187 136 
1 5 1 2 
0 0 0 145 0 0 121 42 
255 255 187 148 
1 5 1 2 
0 0 0 147 0 0 120 248 
255 255 187 158 
1 5 1 2 
0 0 0 139 0 0 120 195 
255 255 187 167 
1 5 1 2 
0 0 0 134 0 0 120 142 
255 255 187 174 
1 5 1 2 
0 0 0 129 0 0 120 87 
255 255 187 181 
1 5 1 2 
0 0 0 124 0 0 120 38 
255 255 187 176 
1 5 1 2 
0 0 0 121 0 0 119 241 
255 255 187 173 
1 5 1 2 
0 0 0 116 0 0 119 187 
255 255 187 168 
1 5 1 2 
0 0 0 111 0 0 119 132 
255 255 187 173 
1 5 1 2 
0 0 0 108 0 0 119 78 
255 255 187 176 
1 5 1 2 
0 0 0 106 0 0 119 26 
255 255 187 189 
1 5 1 2 
0 0 0 105 0 0 118 227 
255 255 187 196 
1 5 1 2 
0 0 0 97 0 0 118 174 
255 255 187 201 
1 5 1 2 
0 0 0 90 0 0 118 117 
255 255 187 204 
1 5 1 2 
0 0 0 88 0 0 118 61 
255 255 187 204 
1 5 1 2 
0 0 0 84 0 0 118 8 
255 255 187 209 
1 5 1 2 
0 0 0 84 0 0 118 8 
255 255 187 209 
1 5 1 2 
0 0 0 82 0 0 117 209 
255 255 187 206 
1 5 1 2 
0 0 0 90 0 0 117 163 
255 255 187 234 
1 5 1 2 
0 0 0 59 0 0 117 70 
255 255 187 145 
1 5 1 2 
0 0 0 56 0 0 117 14 
255 255 187 149 
1 5 1 2 
0 0 0 55 0 0 116 214 
255 255 187 157 
1 5 1 2 
0 0 0 54 0 0 116 164 
255 255 187 170 
1 5 1 2 
0 0 0 46 0 0 116 110 
255 255 187 174 
1 5 1 2 
0 0 0 40 0 0 116 51 
255 255 187 177 
1 5 1 2 
0 0 0 27 0 0 116 18 
255 255 187 165 
1 5 1 2 
0 0 0 53 0 0 115 161 
255 255 187 181 
1 5 1 2 
0 0 0 54 0 0 115 109 
255 255 187 182 
1 5 1 2 
0 0 0 69 0 0 115 72 
255 255 187 190 
1 5 1 2 
0 0 0 59 0 0 115 12 
255 255 187 181 
1 5 1 2 
0 0 0 52 0 0 114 210 
255 255 187 189 
1 5 1 2 
0 0 0 57 0 0 114 150 
255 255 187 194 
1 5 1 2 
0 0 0 52 0 0 114 94 
255 255 187 199 
1 5 1 2 
0 0 0 49 0 0 114 39 
255 255 187 200 
1 5 1 2 
0 0 0 40 0 0 113 237 
255 255 187 209 
1 5 1 2 
0 0 0 30 0 0 113 178 
255 255 187 213 
1 5 1 2 
0 0 0 28 0 0 113 116 
255 255 187 209 
1 5 1 2 
0 0 0 21 0 0 113 57 
255 255 187 206 
1 5 1 2 
0 0 0 21 0 0 113 57 
255 255 187 206 
1 5 1 2 
0 0 0 21 0 0 113 1 
255 255 187 203 
1 5 1 2 
255 255 255 219 0 0 112 205 
255 255 187 215 
1 5 1 2 
255 255 255 214 0 0 112 148 
255 255 187 206 
1 5 1 2 
255 255 255 215 0 0 112 95 
255 255 187 190 
1 5 1 2 
255 255 255 215 0 0 112 39 
255 255 187 174 
1 5 1 2 
255 255 255 207 0 0 111 238 
255 255 187 155 
1 5 1 2 
255 255 255 198 0 0 111 184 
255 255 187 146 
1 5 1 2 
255 255 255 193 0 0 111 131 
255 255 187 140 
1 5 1 2 
255 255 255 191 0 0 111 72 
255 255 187 125 
1 5 1 2 
255 255 255 193 0 0 111 17 
255 255 187 124 
1 5 1 2 
255 255 255 189 0 0 110 215 
255 255 187 109 
1 5 1 2 
255 255 255 181 0 0 110 160 
255 255 187 93 
1 5 1 2 
255 255 255 173 0 0 110 108 
255 255 187 78 
1 5 1 2 
255 255 255 173 0 0 110 43 
255 255 187 64 
1 5 1 2 
255 255 255 170 0 0 109 247 
255 255 187 52 
1 5 1 2 
255 255 255 167 0 0 109 190 
255 255 187 36 
1 5 1 2 
255 255 255 161 0 0 109 138 
255 255 187 29 
1 5 1 2 
255 255 255 149 0 0 109 93 
255 255 187 51 
1 5 1 2 
255 255 255 151 0 0 109 53 
255 255 187 82 
1 5 1 2 
255 255 255 153 0 0 108 252 
255 255 187 68 
1 5 1 2 
255 255 255 149 0 0 108 200 
255 255 187 53 
1 5 1 2 
255 255 255 149 0 0 108 200 
255 255 187 53 
1 5 1 2 
255 255 255 144 0 0 108 149 
255 255 187 37 
1 5 1 2 
255 255 255 137 0 0 108 94 
255 255 187 21 
1 5 1 2 
255 255 255 147 0 0 108 6 
255 255 186 182 
1 5 1 2 
255 255 255 140 0 0 107 207 
255 255 186 178 
1 5 1 2 
255 255 255 153 0 0 107 153 
255 255 186 183 
1 5 1 2 
255 255 255 143 0 0 107 92 
255 255 186 163 
1 5 1 2 
255 255 255 131 0 0 107 39 
255 255 186 133 
1 5 1 2 
255 255 255 131 0 0 106 223 
255 255 186 158 
1 5 1 2 
255 255 255 135 0 0 106 165 
255 255 186 145 
1 5 1 2 
255 255 255 133 0 0 106 117 
255 255 186 141 
1 5 1 2 
255 255 255 126 0 0 106 63 
255 255 186 134 
1 5 1 2 
255 255 255 122 0 0 106 7 
255 255 186 131 
1 5 1 2 
255 255 255 123 0 0 105 204 
255 255 186 135 
1 5 1 2 
255 255 255 125 0 0 105 152 
255 255 186 130 
1 5 1 2 
255 255 255 156 0 0 105 59 
255 255 186 110 
1 5 1 2 
255 255 255 120 0 0 105 49 
255 255 186 117 
1 5 1 2 
255 255 255 68 0 0 104 238 
255 255 185 248 
1 5 1 2 
255 255 255 67 0 0 104 179 
255 255 185 254 
1 5 1 2 
255 255 255 69 0 0 104 128 
255 255 185 248 
1 5 1 2 
255 255 255 71 0 0 104 71 
255 255 186 4 
1 5 1 2 
255 255 255 61 0 0 104 19 
255 255 185 250 
1 5 1 2 
255 255 255 57 0 0 103 224 
255 255 185 249 
1 5 1 2 
255 255 255 57 0 0 103 224 
255 255 185 249 
1 5 1 2 
255 255 255 106 0 0 103 183 
255 255 186 85 
1 5 1 2 
255 255 255 117 0 0 103 138 
255 255 186 67 
1 5 1 2 
255 255 255 120 0 0 103 83 
255 255 186 62 
1 5 1 2 
255 255 255 116 0 0 103 34 
255 255 186 66 
1 5 1 2 
255 255 255 113 0 0 102 238 
255 255 186 60 
1 5 1 2 
255 255 255 110 0 0 102 182 
255 255 186 60 
1 5 1 2 
255 255 255 114 0 0 102 126 
255 255 186 60 
1 5 1 2 
255 255 255 118 0 0 102 70 
255 255 186 61 
1 5 1 2 
255 255 255 108 0 0 102 13 
255 255 186 61 
1 5 1 2 
255 255 255 103 0 0 101 215 
255 255 186 57 
1 5 1 2 
255 255 255 106 0 0 101 157 
255 255 186 55 
1 5 1 2 
255 255 255 112 0 0 101 90 
255 255 186 39 
1 5 1 2 
255 255 255 109 0 0 101 46 
255 255 186 53 
1 5 1 2 
255 255 255 105 0 0 100 248 
255 255 186 50 
1 5 1 2 
255 255 255 100 0 0 100 190 
255 255 186 48 
1 5 1 2 
255 255 255 59 0 0 100 103 
255 255 185 215 
1 5 1 2 
255 255 255 64 0 0 100 47 
255 255 185 217 
1 5 1 2 
255 255 255 69 0 0 99 244 
255 255 185 222 
1 5 1 2 
255 255 255 65 0 0 99 189 
255 255 185 218 
1 5 1 2 
255 255 255 59 0 0 99 131 
255 255 185 212 
1 5 1 2 
255 255 255 59 0 0 99 131 
255 255 185 212 
1 5 1 2 
255 255 255 54 0 0 99 73 
255 255 185 205 
1 5 1 2 
255 255 255 64 0 0 99 17 
255 255 185 202 
1 5 1 2 
255 255 255 72 0 0 98 219 
255 255 185 193 
1 5 1 2 
255 255 255 75 0 0 98 170 
255 255 185 187 
1 5 1 2 
255 255 255 67 0 0 98 113 
255 255 185 187 
1 5 1 2 
255 255 255 66 0 0 98 60 
255 255 185 186 
1 5 1 2 
255 255 255 70 0 0 98 3 
255 255 185 182 
1 5 1 2 
255 255 255 74 0 0 97 205 
0 0 70 71 
1 5 1 2 
255 255 255 75 0 0 97 153 
0 0 70 68 
1 5 1 2 
255 255 255 67 0 0 97 99 
0 0 70 68 
1 5 1 2 
255 255 255 67 0 0 97 40 
0 0 70 61 
1 5 1 2 
255 255 255 68 0 0 96 236 
0 0 70 60 
1 5 1 2 
255 255 255 77 0 0 96 182 
0 0 70 47 
1 5 1 2 
255 255 255 74 0 0 96 128 
0 0 70 45 
1 5 1 2 
255 255 255 74 0 0 96 75 
0 0 70 39 
1 5 1 2 
255 255 255 69 0 0 96 17 
0 0 70 33 
1 5 1 2 
255 255 255 76 0 0 95 221 
0 0 70 27 
1 5 1 2 
255 255 255 79 0 0 95 167 
0 0 70 23 
1 5 1 2 
255 255 255 83 0 0 95 114 
0 0 70 23 
1 5 1 2 
255 255 255 80 0 0 95 61 
0 0 70 11 
1 5 1 2 
255 255 255 74 0 0 95 7 
0 0 70 7 
1 5 1 2 
255 255 255 80 0 0 94 204 
0 0 70 2 
1 5 1 2 
255 255 255 89 0 0 94 151 
0 0 69 254 
1 5 1 2 
255 255 255 89 0 0 94 151 
0 0 69 254 
1 5 1 2 
255 255 255 87 0 0 94 99 
0 0 69 247 
1 5 1 2 
255 255 255 84 0 0 94 48 
0 0 69 243 
1 5 1 2 
255 255 255 87 0 0 93 249 
0 0 69 241 
1 5 1 2 
255 255 255 90 0 0 93 193 
0 0 69 234 
1 5 1 2 
255 255 255 94 0 0 93 142 
0 0 69 227 
1 5 1 2 
255 255 255 97 0 0 93 88 
0 0 69 226 
1 5 1 2 
255 255 255 95 0 0 93 37 
0 0 69 219 
1 5 1 2 
255 255 255 92 0 0 92 239 
0 0 69 216 
1 5 1 2 
255 255 255 95 0 0 92 181 
0 0 69 212 
1 5 1 2 
255 255 255 101 0 0 92 124 
0 0 69 206 
1 5 1 2 
255 255 255 110 0 0 92 70 
0 0 69 207 
1 5 1 2 
255 255 255 115 0 0 92 20 
0 0 69 221 
1 5 1 2 
255 255 255 58 0 0 91 232 
0 0 69 198 
1 5 1 2 
255 255 255 122 0 0 91 212 
0 0 70 16 
1 5 1 2 
255 255 255 124 0 0 91 154 
0 0 70 8 
1 5 1 2 
255 255 255 130 0 0 91 107 
0 0 70 8 
1 5 1 2 
255 255 255 125 0 0 91 54 
0 0 70 1 
1 5 1 2 
255 255 255 109 0 0 90 217 
0 0 69 178 
1 5 1 2 
255 255 255 117 0 0 90 167 
0 0 69 176 
1 5 1 2 
255 255 255 122 0 0 90 87 
0 0 69 133 
1 5 1 2 
255 255 255 124 0 0 90 22 
0 0 69 123 
1 5 1 2 
255 255 255 124 0 0 90 22 
0 0 69 123 
1 5 1 2 
255 255 255 118 0 0 89 220 
0 0 69 118 
1 5 1 2 
255 255 255 115 0 0 89 163 
0 0 69 108 
1 5 1 2 
255 255 255 125 0 0 89 111 
0 0 69 100 
1 5 1 2 
255 255 255 137 0 0 89 25 
0 0 69 148 
1 5 1 2 
255 255 255 135 0 0 88 255 
0 0 69 95 
1 5 1 2 
255 255 255 136 0 0 88 205 
0 0 69 90 
1 5 1 2 
255 255 255 133 0 0 88 150 
0 0 69 94 
1 5 1 2 
255 255 255 138 0 0 88 90 
0 0 69 99 
1 5 1 2 
255 255 255 149 0 0 88 38 
0 0 69 97 
1 5 1 2 
255 255 255 155 0 0 87 241 
0 0 69 98 
1 5 1 2 
255 255 255 148 0 0 87 183 
0 0 69 105 
1 5 1 2 
255 255 255 155 0 0 87 115 
0 0 69 128 
1 5 1 2 
255 255 255 158 0 0 87 67 
0 0 69 112 
1 5 1 2 
255 255 255 169 0 0 86 233 
0 0 69 172 
1 5 1 2 
255 255 255 174 0 0 86 177 
0 0 69 171 
1 5 1 2 
255 255 255 179 0 0 86 125 
0 0 69 183 
1 5 1 2 
255 255 255 192 0 0 86 77 
0 0 69 220 
1 5 1 2 
255 255 255 190 0 0 86 11 
0 0 69 206 
1 5 1 2 
255 255 255 174 0 0 85 202 
0 0 69 165 
1 5 1 2 
255 255 255 185 0 0 85 150 
0 0 69 180 
1 5 1 2 
255 255 255 185 0 0 85 150 
0 0 69 180 
1 5 1 2 
255 255 255 191 0 0 85 93 
0 0 69 196 
1 5 1 2 
255 255 255 187 0 0 85 40 
0 0 69 201 
1 5 1 2 
255 255 255 178 0 0 84 229 
0 0 69 229 
1 5 1 2 
255 255 255 187 0 0 84 180 
0 0 69 218 
1 5 1 2 
255 255 255 192 0 0 84 127 
0 0 69 217 
1 5 1 2 
255 255 255 195 0 0 84 85 
0 0 69 206 
1 5 1 2 
255 255 255 197 0 0 84 37 
0 0 69 203 
1 5 1 2 
255 255 255 186 0 0 83 235 
0 0 69 205 
1 5 1 2 
255 255 255 193 0 0 83 183 
0 0 69 209 
1 5 1 2 
255 255 255 197 0 0 83 124 
0 0 69 215 
1 5 1 2 
255 255 255 203 0 0 83 73 
0 0 69 213 
1 5 1 2 
255 255 255 195 0 0 83 10 
0 0 69 223 
1 5 1 2 
255 255 255 195 0 0 82 206 
0 0 69 221 
1 5 1 2 
255 255 255 202 0 0 82 150 
0 0 69 216 
1 5 1 2 
255 255 255 191 0 0 82 93 
0 0 69 184 
1 5 1 2 
255 255 255 191 0 0 82 31 
0 0 69 189 
1 5 1 2 
255 255 255 194 0 0 81 243 
0 0 69 198 
1 5 1 2 
255 255 255 192 0 0 81 183 
0 0 69 201 
1 5 1 2 
255 255 255 192 0 0 81 126 
0 0 69 210 
1 5 1 2 
255 255 255 198 0 0 81 69 
0 0 69 216 
1 5 1 2 
255 255 255 204 0 0 81 14 
0 0 69 219 
1 5 1 2 
255 255 255 204 0 0 80 218 
0 0 69 229 
1 5 1 2 
255 255 255 204 0 0 80 218 
0 0 69 229 
1 5 1 2 
255 255 255 205 0 0 80 157 
0 0 69 240 
1 5 1 2 
255 255 255 213 0 0 80 97 
0 0 69 246 
1 5 1 2 
255 255 255 211 0 0 80 43 
0 0 70 2 
1 5 1 2 
255 255 255 218 0 0 79 244 
0 0 70 4 
1 5 1 2 
255 255 255 218 0 0 79 193 
0 0 70 10 
1 5 1 2 
255 255 255 218 0 0 79 137 
0 0 70 8 
1 5 1 2 
255 255 255 219 0 0 79 79 
0 0 70 16 
1 5 1 2 
255 255 255 219 0 0 79 24 
0 0 70 26 
1 5 1 2 
255 255 255 231 0 0 78 228 
0 0 70 37 
1 5 1 2 
255 255 255 233 0 0 78 173 
0 0 70 41 
1 5 1 2 
255 255 255 228 0 0 78 114 
0 0 70 39 
1 5 1 2 
255 255 255 231 0 0 78 57 
0 0 70 42 
1 5 1 2 
255 255 255 232 0 0 78 0 
0 0 70 47 
1 5 1 2 
255 255 255 233 0 0 77 206 
0 0 70 46 
1 5 1 2 
255 255 255 239 0 0 77 153 
0 0 70 51 
1 5 1 2 
255 255 255 234 0 0 77 99 
0 0 70 64 
1 5 1 2 
255 255 255 236 0 0 77 14 
0 0 70 65 
1 5 1 2 
255 255 255 239 0 0 76 214 
0 0 70 75 
1 5 1 2 
255 255 255 244 0 0 76 161 
255 255 185 184 
1 5 1 2 
255 255 255 247 0 0 76 106 
255 255 185 195 
1 5 1 2 
255 255 255 245 0 0 76 47 
255 255 185 193 
1 5 1 2 
255 255 255 245 0 0 76 47 
255 255 185 193 
1 5 1 2 
255 255 255 242 0 0 75 246 
255 255 185 191 
1 5 1 2 
255 255 255 243 0 0 75 194 
255 255 185 180 
1 5 1 2 
255 255 255 247 0 0 75 145 
255 255 185 185 
1 5 1 2 
255 255 255 251 0 0 75 95 
255 255 185 190 
1 5 1 2 
255 255 255 245 0 0 75 42 
255 255 185 184 
1 5 1 2 
255 255 255 245 0 0 74 242 
255 255 185 188 
1 5 1 2 
255 255 255 247 0 0 74 189 
255 255 185 184 
1 5 1 2 
255 255 255 254 0 0 74 136 
255 255 185 188 
1 5 1 2 
255 255 255 253 0 0 74 86 
255 255 185 188 
1 5 1 2 
255 255 255 250 0 0 74 31 
255 255 185 194 
1 5 1 2 
255 255 255 250 0 0 73 228 
255 255 185 184 
1 5 1 2 
255 255 255 252 0 0 73 170 
255 255 185 185 
1 5 1 2 
255 255 255 254 0 0 73 120 
255 255 185 179 
1 5 1 2 
0 0 0 0 0 0 73 66 
255 255 185 180 
1 5 1 2 
255 255 255 245 0 0 72 249 
255 255 185 186 
1 5 1 2 
255 255 255 253 0 0 72 212 
255 255 185 190 
1 5 1 2 
0 0 0 1 0 0 72 152 
255 255 185 192 
1 5 1 2 
0 0 0 2 0 0 72 100 
255 255 185 196 
1 5 1 2 
0 0 0 2 0 0 72 48 
255 255 185 197 
1 5 1 2 
0 0 0 11 0 0 72 4 
255 255 185 220 
1 5 1 2 
0 0 0 1 0 0 71 175 
255 255 185 188 
1 5 1 2 
0 0 0 1 0 0 71 175 
255 255 185 188 
1 5 1 2 
0 0 0 2 0 0 71 118 
255 255 185 187 
1 5 1 2 
0 0 0 4 0 0 71 61 
255 255 185 185 
1 5 1 2 
0 0 0 0 0 0 71 3 
255 255 185 179 
1 5 1 2 
0 0 0 1 0 0 70 203 
255 255 185 184 
1 5 1 2 
0 0 0 0 0 0 70 140 
255 255 185 185 
1 5 1 2 
0 0 0 0 0 0 70 82 
255 255 185 183 
1 5 1 2 
0 0 0 8 0 0 70 46 
255 255 185 180 
1 5 1 2 
0 0 0 11 0 0 69 253 
255 255 185 183 
1 5 1 2 
0 0 0 10 0 0 69 196 
255 255 185 178 
1 5 1 2 
0 0 0 8 0 0 69 138 
0 0 70 76 
1 5 1 2 
0 0 0 13 0 0 69 74 
0 0 70 69 
1 5 1 2 
0 0 0 16 0 0 69 19 
0 0 70 63 
1 5 1 2 
0 0 0 15 0 0 68 222 
0 0 70 61 
1 5 1 2 
0 0 0 15 0 0 68 156 
0 0 70 56 
1 5 1 2 
0 0 0 11 0 0 68 89 
0 0 70 51 
1 5 1 2 
0 0 0 15 0 0 68 31 
0 0 70 50 
1 5 1 2 
0 0 0 18 0 0 67 230 
0 0 70 51 
1 5 1 2 
0 0 0 19 0 0 67 171 
0 0 70 50 
1 5 1 2 
0 0 0 4 0 0 67 93 
0 0 70 34 
1 5 1 2 
0 0 0 1 0 0 67 31 
0 0 70 29 
1 5 1 2 
0 0 0 4 0 0 66 224 
0 0 70 24 
1 5 1 2 
0 0 0 0 0 0 66 178 
0 0 70 1 
1 5 1 2 
0 0 0 0 0 0 66 178 
0 0 70 1 
1 5 1 2 
0 0 0 11 0 0 66 123 
0 0 70 21 
1 5 1 2 
0 0 0 7 0 0 66 66 
0 0 70 21 
1 5 1 2 
0 0 0 15 0 0 66 11 
0 0 70 38 
1 5 1 2 
0 0 0 20 0 0 65 222 
0 0 70 36 
1 5 1 2 
0 0 0 27 0 0 65 164 
0 0 70 29 
1 5 1 2 
0 0 0 10 0 0 65 98 
0 0 70 3 
1 5 1 2 
0 0 0 24 0 0 65 46 
0 0 70 23 
1 5 1 2 
0 0 0 15 0 0 64 243 
0 0 70 3 
1 5 1 2 
0 0 0 28 0 0 64 190 
0 0 70 32 
1 5 1 2 
0 0 0 25 0 0 64 131 
0 0 69 255 
1 5 1 2 
0 0 0 0 0 0 64 83 
0 0 70 36 
1 5 1 2 
0 0 0 33 0 0 64 24 
0 0 69 253 
1 5 1 2 
0 0 0 23 0 0 63 212 
0 0 70 21 
1 5 1 2 
0 0 0 31 0 0 63 160 
0 0 70 5 
1 5 1 2 
0 0 0 45 0 0 63 108 
0 0 69 240 
1 5 1 2 
0 0 0 48 0 0 63 49 
0 0 69 236 
1 5 1 2 
0 0 0 51 0 0 62 249 
0 0 69 239 
1 5 1 2 
0 0 0 45 0 0 62 159 
0 0 69 201 
1 5 1 2 
0 0 0 40 0 0 62 115 
0 0 69 223 
1 5 1 2 
0 0 0 45 0 0 62 55 
0 0 69 226 
1 5 1 2 
0 0 0 42 0 0 61 254 
0 0 69 233 
1 5 1 2 
0 0 0 36 0 0 61 191 
0 0 69 232 
1 5 1 2 
0 0 0 36 0 0 61 191 
0 0 69 232 
1 5 1 2 
0 0 0 39 0 0 61 131 
0 0 69 233 
1 5 1 2 
0 0 0 40 0 0 61 78 
0 0 69 233 
1 5 1 2 
0 0 0 58 0 0 61 33 
0 0 69 254 
1 5 1 2 
0 0 0 43 0 0 60 230 
0 0 69 218 
1 5 1 2 
0 0 0 50 0 0 60 167 
0 0 70 16 
1 5 1 2 
0 0 0 53 0 0 60 108 
0 0 70 14 
1 5 1 2 
0 0 0 54 0 0 60 56 
0 0 70 8 
1 5 1 2 
0 0 0 56 0 0 60 7 
0 0 69 255 
1 5 1 2 
0 0 0 55 0 0 59 204 
0 0 69 248 
1 5 1 2 
0 0 0 57 0 0 59 146 
0 0 69 236 
1 5 1 2 
0 0 0 55 0 0 59 87 
0 0 69 237 
1 5 1 2 
0 0 0 57 0 0 59 35 
0 0 69 237 
1 5 1 2 
0 0 0 60 0 0 58 240 
0 0 69 228 
1 5 1 2 
0 0 0 60 0 0 58 186 
0 0 69 219 
1 5 1 2 
0 0 0 60 0 0 58 112 
0 0 69 195 
1 5 1 2 
0 0 0 61 0 0 58 54 
0 0 69 187 
1 5 1 2 
0 0 0 62 0 0 58 2 
0 0 69 176 
1 5 1 2 
0 0 0 68 0 0 57 207 
0 0 69 168 
1 5 1 2 
0 0 0 73 0 0 57 149 
0 0 69 161 
1 5 1 2 
0 0 0 72 0 0 57 88 
0 0 69 148 
1 5 1 2 
0 0 0 93 0 0 57 52 
0 0 69 161 
1 5 1 2 
0 0 0 93 0 0 57 52 
0 0 69 161 
1 5 1 2 
0 0 0 93 0 0 57 4 
0 0 69 140 
1 5 1 2 
0 0 0 92 0 0 56 211 
0 0 69 121 
1 5 1 2 
0 0 0 99 0 0 56 160 
0 0 69 115 
1 5 1 2 
0 0 0 92 0 0 56 110 
0 0 69 82 
1 5 1 2 
0 0 0 98 0 0 56 53 
0 0 69 80 
1 5 1 2 
0 0 0 95 0 0 56 1 
0 0 69 85 
1 5 1 2 
0 0 0 98 0 0 55 206 
0 0 69 87 
1 5 1 2 
0 0 0 101 0 0 55 149 
0 0 69 84 
1 5 1 2 
0 0 0 101 0 0 55 92 
0 0 69 89 
1 5 1 2 
0 0 0 106 0 0 55 34 
0 0 69 86 
1 5 1 2 
0 0 0 113 0 0 54 234 
0 0 69 79 
1 5 1 2 
0 0 0 111 0 0 54 181 
0 0 69 82 
1 5 1 2 
0 0 0 119 0 0 54 128 
0 0 69 74 
1 5 1 2 
0 0 0 121 0 0 54 69 
0 0 69 77 
1 5 1 2 
0 0 0 123 0 0 54 14 
0 0 69 80 
1 5 1 2 
0 0 0 129 0 0 53 217 
0 0 69 79 
1 5 1 2 
0 0 0 129 0 0 53 167 
0 0 69 80 
1 5 1 2 
0 0 0 123 0 0 53 87 
0 0 69 99 
1 5 1 2 
0 0 0 122 0 0 53 33 
0 0 69 95 
1 5 1 2 
0 0 0 122 0 0 52 228 
0 0 69 90 
1 5 1 2 
0 0 0 122 0 0 52 228 
0 0 69 90 
1 5 1 2 
0 0 0 125 0 0 52 174 
0 0 69 92 
1 5 1 2 
0 0 0 129 0 0 52 120 
0 0 69 90 
1 5 1 2 
0 0 0 130 0 0 52 66 
0 0 69 95 
1 5 1 2 
0 0 0 132 0 0 52 11 
0 0 69 96 
1 5 1 2 
0 0 0 136 0 0 51 217 
0 0 69 88 
1 5 1 2 
0 0 0 138 0 0 51 170 
0 0 69 88 
1 5 1 2 
0 0 0 146 0 0 51 123 
0 0 69 92 
1 5 1 2 
0 0 0 152 0 0 51 71 
0 0 69 94 
1 5 1 2 
0 0 0 151 0 0 51 13 
0 0 69 94 
1 5 1 2 
0 0 0 155 0 0 50 213 
0 0 69 88 
1 5 1 2 
0 0 0 158 0 0 50 162 
0 0 69 85 
1 5 1 2 
0 0 0 164 0 0 50 111 
0 0 69 85 
1 5 1 2 
0 0 0 164 0 0 50 52 
0 0 69 89 
1 5 1 2 
0 0 0 166 0 0 49 251 
0 0 69 94 
1 5 1 2 
0 0 0 170 0 0 49 197 
0 0 69 100 
1 5 1 2 
0 0 0 175 0 0 49 143 
0 0 69 121 
1 5 1 2 
0 0 0 176 0 0 49 91 
0 0 69 128 
1 5 1 2 
0 0 0 180 0 0 49 40 
0 0 69 129 
1 5 1 2 
0 0 0 181 0 0 48 234 
0 0 69 133 
1 5 1 2 
0 0 0 182 0 0 48 177 
0 0 69 137 
1 5 1 2 
0 0 0 186 0 0 48 126 
0 0 69 135 
1 5 1 2 
0 0 0 190 0 0 48 77 
0 0 69 129 
1 5 1 2 
0 0 0 190 0 0 48 77 
0 0 69 129 
1 5 1 2 
0 0 0 190 0 0 48 22 
0 0 69 129 
1 5 1 2 
0 0 0 190 0 0 47 220 
0 0 69 129 
1 5 1 2 
0 0 0 191 0 0 47 164 
0 0 69 125 
1 5 1 2 
0 0 0 195 0 0 47 114 
0 0 69 121 
1 5 1 2 
0 0 0 199 0 0 47 67 
0 0 69 118 
1 5 1 2 
0 0 0 198 0 0 47 9 
0 0 69 121 
1 5 1 2 
0 0 0 198 0 0 46 209 
0 0 69 118 
1 5 1 2 
0 0 0 202 0 0 46 152 
0 0 69 121 
1 5 1 2 
0 0 0 203 0 0 46 107 
0 0 69 146 
1 5 1 2 
0 0 0 211 0 0 46 54 
0 0 69 163 
1 5 1 2 
0 0 0 216 0 0 45 249 
0 0 69 167 
1 5 1 2 
0 0 0 214 0 0 45 192 
0 0 69 172 
1 5 1 2 
0 0 0 215 0 0 45 134 
0 0 69 175 
1 5 1 2 
0 0 0 219 0 0 45 84 
0 0 69 169 
1 5 1 2 
0 0 0 219 0 0 45 33 
0 0 69 179 
1 5 1 2 
0 0 0 225 0 0 44 231 
0 0 69 181 
1 5 1 2 
0 0 0 221 0 0 44 175 
0 0 69 186 
1 5 1 2 
0 0 0 226 0 0 44 124 
0 0 69 153 
1 5 1 2 
0 0 0 229 0 0 44 68 
0 0 69 155 
1 5 1 2 
0 0 0 239 0 0 44 22 
0 0 69 161 
1 5 1 2 
0 0 0 246 0 0 43 224 
0 0 69 179 
1 5 1 2 
0 0 0 246 0 0 43 224 
0 0 69 179 
1 5 1 2 
0 0 0 238 0 0 43 147 
0 0 69 180 
1 5 1 2 
0 0 0 238 0 0 43 91 
0 0 69 179 
1 5 1 2 
0 0 1 0 0 0 43 35 
0 0 69 199 
1 5 1 2 
0 0 0 254 0 0 42 239 
0 0 69 185 
1 5 1 2 
0 0 0 246 0 0 42 184 
0 0 69 166 
1 5 1 2 
0 0 0 236 0 0 42 128 
0 0 69 156 
1 5 1 2 
0 0 0 239 0 0 42 76 
0 0 69 160 
1 5 1 2 
0 0 0 241 0 0 42 7 
0 0 69 167 
1 5 1 2 
0 0 0 251 0 0 41 216 
0 0 69 192 
1 5 1 2 
0 0 0 239 0 0 41 160 
0 0 69 169 
1 5 1 2 
0 0 0 238 0 0 41 97 
0 0 69 170 
1 5 1 2 
0 0 0 242 0 0 41 38 
0 0 69 168 
1 5 1 2 
0 0 0 251 0 0 40 241 
0 0 69 167 
1 5 1 2 
0 0 1 0 0 0 40 189 
0 0 69 165 
1 5 1 2 
0 0 0 255 0 0 40 139 
0 0 69 165 
1 5 1 2 
0 0 0 253 0 0 40 82 
0 0 69 170 
1 5 1 2 
0 0 1 15 0 0 40 20 
0 0 69 193 
1 5 1 2 
0 0 1 21 0 0 39 245 
0 0 69 184 
1 5 1 2 
0 0 1 23 0 0 39 195 
0 0 69 180 
1 5 1 2 
0 0 1 25 0 0 39 140 
0 0 69 183 
1 5 1 2 
0 0 1 26 0 0 39 83 
0 0 69 179 
1 5 1 2 
0 0 1 25 0 0 39 28 
0 0 69 176 
1 5 1 2 
0 0 1 25 0 0 39 28 
0 0 69 176 
1 5 1 2 
0 0 1 31 0 0 38 234 
0 0 69 178 
1 5 1 2 
0 0 1 34 0 0 38 179 
0 0 69 181 
1 5 1 2 
0 0 1 34 0 0 38 128 
0 0 69 181 
1 5 1 2 
0 0 1 32 0 0 38 70 
0 0 69 177 
1 5 1 2 
0 0 1 32 0 0 38 12 
0 0 69 178 
1 5 1 2 
0 0 1 38 0 0 37 216 
0 0 69 177 
1 5 1 2 
0 0 1 43 0 0 37 166 
0 0 69 180 
1 5 1 2 
0 0 1 45 0 0 37 109 
0 0 69 185 
1 5 1 2 
0 0 1 42 0 0 37 51 
0 0 69 185 
1 5 1 2 
0 0 1 36 0 0 36 244 
0 0 69 200 
1 5 1 2 
0 0 1 52 0 0 36 205 
0 0 69 176 
1 5 1 2 
0 0 1 62 0 0 36 152 
0 0 69 182 
1 5 1 2 
0 0 1 47 0 0 36 86 
0 0 69 204 
1 5 1 2 
0 0 1 53 0 0 36 38 
0 0 69 170 
1 5 1 2 
0 0 1 55 0 0 35 237 
0 0 69 184 
1 5 1 2 
0 0 1 56 0 0 35 187 
0 0 69 190 
1 5 1 2 
0 0 1 67 0 0 35 131 
0 0 69 200 
1 5 1 2 
0 0 1 60 0 0 35 86 
0 0 69 223 
1 5 1 2 
0 0 1 69 0 0 35 20 
0 0 69 193 
1 5 1 2 
0 0 1 68 0 0 34 220 
0 0 69 197 
1 5 1 2 
0 0 1 58 0 0 34 149 
0 0 69 237 
1 5 1 2 
0 0 1 58 0 0 34 149 
0 0 69 237 
1 5 1 2 
0 0 1 68 0 0 34 105 
0 0 69 222 
1 5 1 2 
0 0 1 82 0 0 34 48 
0 0 69 217 
1 5 1 2 
0 0 1 79 0 0 33 247 
0 0 69 215 
1 5 1 2 
0 0 1 77 0 0 33 188 
0 0 69 214 
1 5 1 2 
0 0 1 81 0 0 33 137 
0 0 69 220 
1 5 1 2 
0 0 1 92 0 0 33 91 
0 0 69 219 
1 5 1 2 
0 0 1 94 0 0 33 36 
0 0 69 219 
1 5 1 2 
0 0 1 94 0 0 32 232 
0 0 69 223 
1 5 1 2 
0 0 1 91 0 0 32 179 
0 0 69 226 
1 5 1 2 
0 0 1 100 0 0 32 118 
0 0 69 213 
1 5 1 2 
0 0 1 99 0 0 32 70 
0 0 69 222 
1 5 1 2 
0 0 1 104 0 0 32 17 
0 0 69 226 
1 5 1 2 
0 0 1 101 0 0 31 213 
0 0 69 225 
1 5 1 2 
0 0 1 102 0 0 31 155 
0 0 69 228 
1 5 1 2 
0 0 1 104 0 0 31 100 
0 0 69 238 
1 5 1 2 
0 0 1 112 0 0 31 49 
0 0 69 246 
1 5 1 2 
0 0 1 116 0 0 30 250 
0 0 69 238 
1 5 1 2 
0 0 1 116 0 0 30 194 
0 0 69 243 
1 5 1 2 
0 0 1 108 0 0 30 111 
0 0 70 16 
1 5 1 2 
0 0 1 110 0 0 30 55 
0 0 70 9 
1 5 1 2 
0 0 1 113 0 0 30 2 
0 0 70 13 
1 5 1 2 
0 0 1 119 0 0 29 204 
0 0 70 11 
1 5 1 2 
0 0 1 119 0 0 29 204 
0 0 70 11 
1 5 1 2 
0 0 1 119 0 0 29 143 
0 0 70 20 
1 5 1 2 
0 0 1 113 0 0 29 83 
0 0 70 12 
1 5 1 2 
0 0 1 116 0 0 29 34 
0 0 70 19 
1 5 1 2 
0 0 1 123 0 0 28 239 
0 0 70 17 
1 5 1 2 
0 0 1 129 0 0 28 191 
0 0 70 23 
1 5 1 2 
0 0 1 125 0 0 28 134 
0 0 70 27 
1 5 1 2 
0 0 1 124 0 0 28 73 
0 0 70 21 
1 5 1 2 
0 0 1 125 0 0 28 18 
0 0 70 22 
1 5 1 2 
0 0 1 135 0 0 27 220 
0 0 70 25 
1 5 1 2 
0 0 1 137 0 0 27 171 
0 0 70 23 
1 5 1 2 
0 0 1 136 0 0 27 112 
0 0 70 23 
1 5 1 2 
0 0 1 133 0 0 27 53 
0 0 70 24 
1 5 1 2 
0 0 1 136 0 0 27 0 
0 0 70 25 
1 5 1 2 
0 0 1 142 0 0 26 203 
0 0 70 29 
1 5 1 2 
0 0 1 143 0 0 26 153 
0 0 70 30 
1 5 1 2 
0 0 1 145 0 0 26 95 
0 0 70 33 
1 5 1 2 
0 0 1 139 0 0 26 36 
0 0 70 30 
1 5 1 2 
0 0 1 141 0 0 25 236 
0 0 70 28 
1 5 1 2 
0 0 1 143 0 0 25 180 
0 0 70 22 
1 5 1 2 
0 0 1 150 0 0 25 132 
0 0 70 22 
1 5 1 2 
0 0 1 150 0 0 25 132 
0 0 70 22 
1 5 1 2 
0 0 1 149 0 0 25 73 
0 0 70 23 
1 5 1 2 
0 0 1 147 0 0 25 15 
0 0 70 23 
1 5 1 2 
0 0 1 158 0 0 24 226 
0 0 70 44 
1 5 1 2 
0 0 1 168 0 0 24 155 
0 0 70 20 
1 5 1 2 
0 0 1 176 0 0 24 103 
0 0 70 24 
1 5 1 2 
0 0 1 172 0 0 24 48 
0 0 70 18 
1 5 1 2 
0 0 1 166 0 0 23 245 
0 0 70 13 
1 5 1 2 
0 0 1 177 0 0 23 186 
0 0 70 15 
1 5 1 2 
0 0 1 177 0 0 23 128 
0 0 70 3 
1 5 1 2 
0 0 1 182 0 0 23 77 
0 0 70 5 
1 5 1 2 
0 0 1 173 0 0 23 23 
0 0 70 0 
1 5 1 2 
0 0 1 161 0 0 22 238 
0 0 70 19 
1 5 1 2 
0 0 1 171 0 0 22 180 
0 0 70 26 
1 5 1 2 
0 0 1 168 0 0 22 119 
0 0 70 3 
1 5 1 2 
0 0 1 173 0 0 22 71 
0 0 70 8 
1 5 1 2 
0 0 1 174 0 0 22 19 
0 0 70 11 
1 5 1 2 
0 0 1 170 0 0 21 213 
0 0 70 13 
1 5 1 2 
0 0 1 171 0 0 21 159 
0 0 70 18 
1 5 1 2 
0 0 1 175 0 0 21 98 
0 0 70 11 
1 5 1 2 
0 0 1 179 0 0 21 41 
0 0 70 1 
1 5 1 2 
0 0 1 185 0 0 20 230 
0 0 69 238 
1 5 1 2 
0 0 1 179 0 0 20 175 
0 0 69 232 
1 5 1 2 
0 0 1 179 0 0 20 175 
0 0 69 232 
1 5 1 2 
0 0 1 180 0 0 20 115 
0 0 69 228 
1 5 1 2 
0 0 1 188 0 0 20 61 
0 0 69 231 
1 5 1 2 
0 0 1 192 0 0 20 8 
0 0 69 230 
1 5 1 2 
0 0 1 195 0 0 19 213 
0 0 69 231 
1 5 1 2 
0 0 1 188 0 0 19 159 
0 0 69 225 
1 5 1 2 
0 0 1 191 0 0 19 107 
0 0 69 229 
1 5 1 2 
0 0 1 186 0 0 19 59 
0 0 69 251 
1 5 1 2 
0 0 1 196 0 0 19 8 
0 0 69 236 
1 5 1 2 
0 0 1 197 0 0 18 217 
0 0 69 240 
1 5 1 2 
0 0 1 193 0 0 18 159 
0 0 69 239 
1 5 1 2 
0 0 1 189 0 0 18 106 
0 0 69 237 
1 5 1 2 
0 0 1 197 0 0 18 53 
0 0 69 238 
1 5 1 2 
0 0 1 198 0 0 18 0 
0 0 70 21 
1 5 1 2 
0 0 1 204 0 0 17 201 
0 0 69 250 
1 5 1 2 
0 0 1 240 0 0 17 179 
0 0 69 218 
1 5 1 2 
0 0 1 233 0 0 17 116 
0 0 69 213 
1 5 1 2 
0 0 1 216 0 0 17 39 
0 0 69 244 
1 5 1 2 
0 0 1 224 0 0 16 235 
0 0 69 191 
1 5 1 2 
0 0 1 236 0 0 16 192 
0 0 69 227 
1 5 1 2 
0 0 1 231 0 0 16 137 
0 0 69 226 
1 5 1 2 
0 0 1 231 0 0 16 137 
0 0 69 226 
1 5 1 2 
0 0 1 223 0 0 16 69 
0 0 69 199 
1 5 1 2 
0 0 1 222 0 0 16 1 
0 0 69 213 
1 5 1 2 
0 0 1 219 0 0 15 208 
0 0 69 217 
1 5 1 2 
0 0 1 205 0 0 15 120 
0 0 70 10 
1 5 1 2 
0 0 1 216 0 0 15 75 
0 0 69 255 
1 5 1 2 
0 0 1 215 0 0 15 22 
0 0 69 249 
1 5 1 2 
0 0 1 214 0 0 14 216 
0 0 69 253 
1 5 1 2 
0 0 1 219 0 0 14 156 
0 0 69 253 
1 5 1 2 
0 0 1 224 0 0 14 112 
0 0 69 248 
1 5 1 2 
0 0 1 230 0 0 14 64 
0 0 69 249 
1 5 1 2 
0 0 1 227 0 0 14 17 
0 0 70 4 
1 5 1 2 
0 0 1 229 0 0 13 218 
0 0 70 3 
1 5 1 2 
0 0 1 231 0 0 13 157 
0 0 69 251 
1 5 1 2 
0 0 1 237 0 0 13 115 
0 0 69 238 
1 5 1 2 
0 0 1 239 0 0 13 74 
0 0 69 235 
1 5 1 2 
0 0 1 237 0 0 13 25 
0 0 69 233 
1 5 1 2 
0 0 1 236 0 0 12 223 
0 0 69 236 
1 5 1 2 
0 0 1 239 0 0 12 167 
0 0 69 234 
1 5 1 2 
0 0 1 245 0 0 12 120 
0 0 69 226 
1 5 1 2 
0 0 1 248 0 0 12 71 
0 0 69 219 
1 5 1 2 
0 0 1 250 0 0 12 23 
0 0 69 213 
1 5 1 2 
0 0 1 246 0 0 11 222 
0 0 69 206 
1 5 1 2 
0 0 1 246 0 0 11 222 
0 0 69 206 
1 5 1 2 
0 0 1 249 0 0 11 163 
0 0 69 206 
1 5 1 2 
0 0 2 0 0 0 11 115 
0 0 69 207 
1 5 1 2 
0 0 2 3 0 0 11 71 
0 0 69 211 
1 5 1 2 
0 0 2 1 0 0 11 25 
0 0 69 212 
1 5 1 2 
0 0 2 2 0 0 10 223 
0 0 69 209 
1 5 1 2 
0 0 2 1 0 0 10 168 
0 0 69 211 
1 5 1 2 
0 0 2 10 0 0 10 122 
0 0 69 209 
1 5 1 2 
0 0 2 10 0 0 10 76 
0 0 69 212 
1 5 1 2 
0 0 2 13 0 0 10 30 
0 0 69 207 
1 5 1 2 
0 0 2 8 0 0 9 233 
0 0 69 206 
1 5 1 2 
0 0 2 7 0 0 9 179 
0 0 69 206 
1 5 1 2 
0 0 2 15 0 0 9 130 
0 0 69 207 
1 5 1 2 
0 0 2 20 0 0 9 93 
0 0 69 201 
1 5 1 2 
0 0 2 19 0 0 9 46 
0 0 69 205 
1 5 1 2 
0 0 2 14 0 0 8 249 
0 0 69 207 
1 5 1 2 
0 0 2 17 0 0 8 199 
0 0 69 202 
1 5 1 2 
0 0 2 25 0 0 8 151 
0 0 69 200 
1 5 1 2 
0 0 2 31 0 0 8 114 
0 0 69 196 
1 5 1 2 
0 0 2 33 0 0 8 69 
0 0 69 192 
1 5 1 2 
0 0 2 24 0 0 8 18 
0 0 69 195 
1 5 1 2 
0 0 2 31 0 0 7 228 
0 0 69 187 
1 5 1 2 
0 0 2 31 0 0 7 228 
0 0 69 187 
1 5 1 2 
0 0 2 33 0 0 7 180 
0 0 69 190 
1 5 1 2 
0 0 2 40 0 0 7 143 
0 0 69 187 
1 5 1 2 
0 0 2 37 0 0 7 103 
0 0 69 187 
1 5 1 2 
0 0 2 31 0 0 7 56 
0 0 69 191 
1 5 1 2 
0 0 2 35 0 0 7 8 
0 0 69 187 
1 5 1 2 
0 0 2 45 0 0 6 223 
0 0 69 184 
1 5 1 2 
0 0 2 44 0 0 6 184 
0 0 69 190 
1 5 1 2 
0 0 2 45 0 0 6 146 
0 0 69 190 
1 5 1 2 
0 0 2 41 0 0 6 99 
0 0 69 188 
1 5 1 2 
0 0 2 46 0 0 6 58 
0 0 69 181 
1 5 1 2 
0 0 2 45 0 0 6 16 
0 0 69 186 
1 5 1 2 
0 0 2 48 0 0 5 242 
0 0 69 180 
1 5 1 2 
0 0 2 51 0 0 5 216 
0 0 69 177 
1 5 1 2 
0 0 2 47 0 0 5 173 
0 0 69 182 
1 5 1 2 
0 0 2 46 0 0 5 138 
0 0 69 187 
1 5 1 2 
0 0 2 49 0 0 5 102 
0 0 69 185 
1 5 1 2 
0 0 2 50 0 0 5 79 
0 0 69 188 
1 5 1 2 
0 0 2 53 0 0 5 49 
0 0 69 186 
1 5 1 2 
0 0 2 55 0 0 5 19 
0 0 69 178 
1 5 1 2 
0 0 2 51 0 0 4 238 
0 0 69 174 
1 5 1 2 
0 0 2 54 0 0 4 211 
0 0 69 181 
1 5 1 2 
0 0 2 54 0 0 4 211 
0 0 69 181 
1 5 1 2 
0 0 2 59 0 0 4 191 
0 0 69 180 
1 5 1 2 
0 0 2 53 0 0 4 169 
0 0 69 181 
1 5 1 2 
0 0 2 60 0 0 4 151 
0 0 69 167 
1 5 1 2 
0 0 2 50 0 0 4 128 
0 0 69 176 
1 5 1 2 
0 0 2 51 0 0 4 112 
0 0 69 187 
1 5 1 2 
0 0 2 56 0 0 4 104 
0 0 69 186 
1 5 1 2 
0 0 2 61 0 0 4 100 
0 0 69 178 
1 5 1 1 
0 0 2 55 0 0 4 91 
0 0 69 183 
1 5 1 1 
0 0 2 52 0 0 4 83 
0 0 69 184 
1 5 1 1 
0 0 2 58 0 0 4 74 
0 0 69 177 
1 5 1 2 
0 0 2 57 0 0 4 67 
0 0 69 183 
1 5 1 1 
0 0 2 53 0 0 4 65 
0 0 69 186 
1 5 1 1 
0 0 2 58 0 0 4 58 
0 0 69 189 
1 5 1 1 
0 0 2 54 0 0 4 50 
0 0 69 191 
1 5 1 1 
0 0 2 53 0 0 4 42 
0 0 69 195 
1 5 1 1 
0 0 2 54 0 0 4 35 
0 0 69 195 
1 5 1 2 
0 0 2 57 0 0 4 36 
0 0 69 191 
1 5 1 2 
0 0 2 56 0 0 4 31 
0 0 69 189 
1 5 1 1 
0 0 2 56 0 0 4 23 
0 0 69 187 
1 5 1 1 
0 0 2 54 0 0 4 18 
0 0 69 190 
1 5 1 1 
0 0 2 55 0 0 4 14 
0 0 69 190 
1 5 1 2 
0 0 2 56 0 0 4 18 
0 0 69 190 
1 5 1 2 
0 0 2 56 0 0 4 18 
0 0 69 190 
1 5 1 1 
0 0 2 60 0 0 4 15 
0 0 69 188 
1 5 1 1 
0 0 2 56 0 0 4 10 
0 0 69 189 
1 5 1 1 
0 0 2 54 0 0 4 9 
0 0 69 188 
1 5 1 1 
0 0 2 57 0 0 4 7 
0 0 69 185 
1 5 1 1 
0 0 2 61 0 0 4 13 
0 0 69 184 
1 5 1 1 
0 0 2 61 0 0 4 11 
0 0 69 187 
1 5 1 1 
0 0 2 53 0 0 4 15 
0 0 69 195 
1 5 1 1 
0 0 2 51 0 0 4 13 
0 0 69 196 
1 5 1 1 
0 0 2 56 0 0 4 18 
0 0 69 194 
1 5 1 1 
0 0 2 58 0 0 4 22 
0 0 69 189 
1 5 1 2 
0 0 2 58 0 0 4 27 
0 0 69 187 
1 5 1 1 
0 0 2 59 0 0 4 28 
0 0 69 183 
1 5 1 1 
0 0 2 54 0 0 4 28 
0 0 69 188 
1 5 1 1 
0 0 2 51 0 0 4 29 
0 0 69 195 
1 5 1 2 
0 0 2 57 0 0 4 35 
0 0 69 190 
1 5 1 2 
0 0 2 60 0 0 4 39 
0 0 69 187 
1 5 1 2 
0 0 2 60 0 0 4 40 
0 0 69 184 
1 5 1 1 
0 0 2 58 0 0 4 40 
0 0 69 185 
1 5 1 1 
0 0 2 52 0 0 4 41 
0 0 69 190 
1 5 1 1 
0 0 2 59 0 0 4 46 
0 0 69 187 
1 5 1 2 
0 0 2 56 0 0 4 49 
0 0 69 195 
1 5 1 1 
0 0 2 54 0 0 4 50 
0 0 69 195 
1 5 1 1 
0 0 2 54 0 0 4 50 
0 0 69 195 
1 5 1 2 
0 0 2 50 0 0 4 53 
0 0 69 192 
1 5 1 1 
0 0 2 53 0 0 4 55 
0 0 69 190 
1 5 1 1 
0 0 2 57 0 0 4 59 
0 0 69 188 
1 5 1 1 
0 0 2 62 0 0 4 62 
0 0 69 185 
1 5 1 2 
0 0 2 56 0 0 4 65 
0 0 69 190 
1 5 1 2 
0 0 2 52 0 0 4 65 
0 0 69 193 
1 5 1 4 
0 0 2 52 0 0 4 65 
0 0 69 193 
1 5 1 4 
0 0 2 52 0 0 4 65 
0 0 69 193 
1 5 1 4 
0 0 2 52 0 0 4 65 
0 0 69 193 
1 5 1 4 
0 0 2 52 0 0 4 65 
0 0 69 193 
1 5 1 4 
0 0 2 52 0 0 4 65 
0 0 69 193 
1 5 1 4 
0 0 2 52 0 0 4 65 
0 0 69 193 
1 5 1 4 
0 0 2 52 0 0 4 65 
0 0 69 193 
1 5 1 4 
0 0 2 52 0 0 4 65 
0 0 69 193 
1 5 1 4 
0 0 2 52 0 0 4 65 
0 0 69 193 
1 5 1 4 
0 0 2 52 0 0 4 65 
0 0 69 193 
1 5 1 4 
0 0 2 52 0 0 4 65 
0 0 69 193 
1 5 1 4 
0 0 2 52 0 0 4 65 
0 0 69 193 
1 5 1 4 
0 0 2 52 0 0 4 65 
0 0 69 193 
1 5 1 4 
0 0 2 52 0 0 4 65 
0 0 69 193 
1 5 1 4 
0 0 2 52 0 0 4 65 
0 0 69 193 
1 5 1 4 
0 0 2 52 0 0 4 65 
0 0 69 193 
1 5 1 4 
0 0 2 52 0 0 4 65 
0 0 69 193 
1 5 1 4 
0 0 2 52 0 0 4 65 
0 0 69 193 
1 5 1 4 
0 0 2 52 0 0 4 65 
0 0 69 193 
1 5 1 4 
0 0 2 52 0 0 4 65 
0 0 69 193 
1 5 1 4 
0 0 2 52 0 0 4 65 
0 0 69 193 
1 5 1 4 
0 0 2 52 0 0 4 65 
0 0 69 193 
1 5 1 4 
0 0 2 52 0 0 4 65 
0 0 69 193 
1 5 1 4 
0 0 2 52 0 0 4 65 
0 0 69 193 
1 5 1 4 
0 0 2 52 0 0 4 65 
0 0 69 193 
1 5 1 4 
0 0 2 52 0 0 4 65 
0 0 69 193 
1 5 1 4 
0 0 2 52 0 0 4 65 
0 0 69 193 
1 5 1 4 
0 0 2 52 0 0 4 65 
0 0 69 193 
1 5 1 4 
0 0 2 52 0 0 4 65 
0 0 69 193 
1 5 1 4 
0 0 2 52 0 0 4 65 
0 0 69 193 
1 5 1 4 
0 0 2 52 0 0 4 65 
0 0 69 193 
1 5 1 4 
0 0 2 52 0 0 4 65 
0 0 69 193 
1 5 1 4 
0 0 2 52 0 0 4 65 
0 0 69 193 
1 5 1 4 
0 0 2 52 0 0 4 65 
0 0 69 193 
1 5 1 4 
0 0 2 52 0 0 4 65 
0 0 69 193 
1 5 1 4 
0 0 2 52 0 0 4 65 
0 0 69 193 
1 5 1 4 
0 0 2 52 0 0 4 65 
0 0 69 193 
1 5 1 4 
0 0 2 52 0 0 4 65 
0 0 69 193 
1 5 1 4 
0 0 2 52 0 0 4 65 
0 0 69 193 
1 5 1 4 
0 0 2 52 0 0 4 65 
0 0 69 193 
1 5 1 4 
0 0 2 52 0 0 4 65 
0 0 69 193 
1 5 1 4 
0 0 2 52 0 0 4 65 
0 0 69 193 
1 5 1 4 
0 0 2 52 0 0 4 65 
0 0 69 193 
1 5 1 4 
0 0 2 52 0 0 4 65 
0 0 69 193 
1 5 1 4 
0 0 2 52 0 0 4 65 
0 0 69 193 
1 5 1 4 
0 0 2 52 0 0 4 65 
0 0 69 193 
1 5 1 4 
0 0 2 52 0 0 4 65 
0 0 69 193 
1 5 1 4 
0 0 2 52 0 0 4 65 
0 0 69 193 
1 5 1 4 
0 0 2 52 0 0 4 65 
0 0 69 193 
1 5 1 4 
0 0 2 52 0 0 4 65 
0 0 69 193 
1 5 1 4 
0 0 2 52 0 0 4 65 
0 0 69 193 
1 5 1 4 
0 0 2 52 0 0 4 65 
0 0 69 193 
1 5 1 4 
0 0 2 52 0 0 4 65 
0 0 69 193 
1 5 1 4 
0 0 2 52 0 0 4 65 
0 0 69 193 
1 5 1 4 
0 0 2 52 0 0 4 65 
0 0 69 193 